1, 11124014
2, 1691556
3, 605660
4, 325604
5, 204395
6, 141540
7, 104735
8, 83869
9, 64859
10, 53196
11, 44063
12, 38070
13, 32205
14, 28302
15, 24789
16, 22054
17, 19413
18, 17219
19, 15896
20, 14489
21, 13179
22, 12404
23, 11354
24, 10266
25, 9504
26, 8744
27, 8294
28, 7778
29, 7458
30, 6830
31, 6298
32, 6026
33, 5965
34, 5494
35, 5142
36, 4854
37, 4606
38, 4340
39, 4183
40, 3993
41, 3925
42, 3714
43, 3522
44, 3257
45, 3318
46, 3118
47, 2934
48, 2806
49, 2799
50, 2636
51, 2564
52, 2485
53, 2403
54, 2356
55, 2303
56, 2162
57, 2037
58, 2110
59, 1955
60, 1952
61, 1953
62, 1874
63, 1709
64, 1692
65, 1651
66, 1556
67, 1573
68, 1548
69, 1516
70, 1461
71, 1379
72, 1418
73, 1327
74, 1262
75, 1299
76, 1225
77, 1195
78, 1148
79, 1185
80, 1140
81, 1088
82, 1119
83, 1107
84, 1050
85, 1051
86, 1038
87, 986
88, 940
89, 1017
90, 852
91, 928
92, 882
93, 898
94, 832
95, 825
96, 786
97, 856
98, 792
99, 774
100, 763
101, 808
102, 709
103, 719
104, 676
105, 653
106, 690
107, 644
108, 653
109, 674
110, 644
111, 614
112, 602
113, 584
114, 600
115, 591
116, 586
117, 550
118, 578
119, 533
120, 506
121, 511
122, 535
123, 516
124, 492
125, 487
126, 491
127, 545
128, 459
129, 488
130, 472
131, 488
132, 477
133, 479
134, 437
135, 453
136, 421
137, 485
138, 412
139, 425
140, 386
141, 419
142, 415
143, 405
144, 378
145, 401
146, 371
147, 374
148, 348
149, 395
150, 354
151, 364
152, 359
153, 368
154, 365
155, 339
156, 343
157, 315
158, 336
159, 351
160, 341
161, 325
162, 295
163, 334
164, 319
165, 295
166, 348
167, 315
168, 283
169, 272
170, 256
171, 292
172, 253
173, 291
174, 261
175, 271
176, 271
177, 264
178, 273
179, 292
180, 258
181, 254
182, 287
183, 235
184, 259
185, 245
186, 242
187, 231
188, 234
189, 249
190, 256
191, 260
192, 239
193, 239
194, 236
195, 228
196, 231
197, 211
198, 269
199, 221
200, 230
201, 203
202, 224
203, 203
204, 229
205, 217
206, 216
207, 191
208, 195
209, 222
210, 212
211, 205
212, 201
213, 186
214, 192
215, 211
216, 183
217, 214
218, 204
219, 155
220, 181
221, 183
222, 186
223, 201
224, 175
225, 188
226, 179
227, 166
228, 158
229, 174
230, 182
231, 181
232, 169
233, 177
234, 152
235, 183
236, 146
237, 160
238, 172
239, 165
240, 148
241, 158
242, 160
243, 160
244, 150
245, 144
246, 149
247, 158
248, 170
249, 162
250, 150
251, 119
252, 144
253, 151
254, 165
255, 138
256, 149
257, 142
258, 112
259, 152
260, 120
261, 111
262, 155
263, 134
264, 124
265, 127
266, 146
267, 138
268, 124
269, 133
270, 103
271, 104
272, 126
273, 126
274, 125
275, 118
276, 134
277, 133
278, 124
279, 127
280, 138
281, 125
282, 116
283, 117
284, 108
285, 142
286, 118
287, 112
288, 119
289, 113
290, 117
291, 95
292, 110
293, 85
294, 105
295, 94
296, 100
297, 113
298, 111
299, 102
300, 101
301, 108
302, 109
303, 103
304, 96
305, 102
306, 91
307, 126
308, 100
309, 122
310, 114
311, 108
312, 93
313, 107
314, 98
315, 98
316, 102
317, 101
318, 89
319, 97
320, 83
321, 96
322, 98
323, 71
324, 76
325, 86
326, 94
327, 92
328, 105
329, 91
330, 99
331, 69
332, 77
333, 103
334, 96
335, 86
336, 102
337, 78
338, 86
339, 89
340, 96
341, 95
342, 86
343, 74
344, 79
345, 86
346, 94
347, 76
348, 87
349, 96
350, 75
351, 83
352, 94
353, 65
354, 89
355, 71
356, 88
357, 69
358, 77
359, 81
360, 76
361, 88
362, 62
363, 69
364, 88
365, 76
366, 79
367, 81
368, 72
369, 69
370, 74
371, 91
372, 58
373, 54
374, 73
375, 65
376, 80
377, 71
378, 79
379, 74
380, 61
381, 77
382, 77
383, 71
384, 79
385, 61
386, 74
387, 51
388, 73
389, 62
390, 58
391, 63
392, 54
393, 61
394, 62
395, 66
396, 55
397, 58
398, 74
399, 67
400, 82
401, 66
402, 72
403, 54
404, 62
405, 73
406, 62
407, 53
408, 54
409, 66
410, 55
411, 54
412, 60
413, 65
414, 59
415, 61
416, 67
417, 72
418, 58
419, 57
420, 54
421, 57
422, 55
423, 53
424, 65
425, 59
426, 51
427, 70
428, 57
429, 51
430, 67
431, 53
432, 69
433, 53
434, 54
435, 46
436, 47
437, 43
438, 53
439, 49
440, 56
441, 47
442, 58
443, 41
444, 62
445, 41
446, 49
447, 51
448, 53
449, 50
450, 50
451, 49
452, 52
453, 41
454, 35
455, 54
456, 51
457, 61
458, 60
459, 57
460, 50
461, 52
462, 49
463, 44
464, 47
465, 46
466, 58
467, 57
468, 46
469, 38
470, 45
471, 44
472, 46
473, 38
474, 54
475, 44
476, 45
477, 46
478, 51
479, 36
480, 47
481, 40
482, 57
483, 48
484, 45
485, 52
486, 41
487, 46
488, 48
489, 48
490, 49
491, 44
492, 43
493, 38
494, 44
495, 48
496, 45
497, 44
498, 42
499, 44
500, 46
501, 34
502, 36
503, 33
504, 44
505, 43
506, 42
507, 36
508, 36
509, 34
510, 39
511, 54
512, 36
513, 46
514, 40
515, 38
516, 49
517, 33
518, 44
519, 41
520, 49
521, 33
522, 43
523, 49
524, 38
525, 48
526, 36
527, 41
528, 42
529, 42
530, 25
531, 37
532, 30
533, 47
534, 42
535, 40
536, 38
537, 44
538, 36
539, 35
540, 37
541, 41
542, 34
543, 42
544, 28
545, 23
546, 32
547, 37
548, 38
549, 26
550, 34
551, 38
552, 37
553, 36
554, 40
555, 37
556, 40
557, 32
558, 34
559, 35
560, 43
561, 36
562, 42
563, 42
564, 27
565, 49
566, 27
567, 38
568, 31
569, 36
570, 35
571, 33
572, 36
573, 30
574, 37
575, 34
576, 30
577, 30
578, 29
579, 49
580, 32
581, 27
582, 24
583, 29
584, 39
585, 29
586, 34
587, 35
588, 32
589, 31
590, 38
591, 33
592, 37
593, 32
594, 35
595, 27
596, 45
597, 35
598, 33
599, 39
600, 34
601, 39
602, 39
603, 40
604, 39
605, 26
606, 29
607, 37
608, 31
609, 38
610, 33
611, 31
612, 41
613, 27
614, 28
615, 28
616, 30
617, 27
618, 20
619, 30
620, 32
621, 33
622, 31
623, 30
624, 35
625, 25
626, 36
627, 25
628, 33
629, 35
630, 31
631, 21
632, 33
633, 26
634, 22
635, 27
636, 31
637, 40
638, 30
639, 30
640, 23
641, 26
642, 26
643, 26
644, 30
645, 33
646, 17
647, 26
648, 24
649, 22
650, 30
651, 27
652, 24
653, 36
654, 28
655, 32
656, 24
657, 24
658, 30
659, 31
660, 19
661, 28
662, 23
663, 23
664, 24
665, 24
666, 18
667, 30
668, 20
669, 25
670, 26
671, 20
672, 26
673, 30
674, 23
675, 24
676, 22
677, 21
678, 24
679, 22
680, 24
681, 25
682, 24
683, 16
684, 35
685, 24
686, 28
687, 21
688, 24
689, 15
690, 23
691, 23
692, 22
693, 26
694, 27
695, 25
696, 31
697, 29
698, 22
699, 26
700, 25
701, 23
702, 25
703, 25
704, 20
705, 18
706, 25
707, 16
708, 24
709, 24
710, 26
711, 16
712, 25
713, 23
714, 26
715, 19
716, 30
717, 23
718, 25
719, 21
720, 14
721, 16
722, 16
723, 26
724, 21
725, 25
726, 17
727, 24
728, 17
729, 20
730, 21
731, 26
732, 19
733, 18
734, 15
735, 31
736, 16
737, 20
738, 17
739, 15
740, 22
741, 19
742, 17
743, 26
744, 22
745, 23
746, 25
747, 19
748, 21
749, 18
750, 23
751, 18
752, 22
753, 16
754, 12
755, 23
756, 16
757, 12
758, 19
759, 16
760, 22
761, 22
762, 13
763, 25
764, 17
765, 15
766, 19
767, 14
768, 20
769, 16
770, 17
771, 16
772, 20
773, 17
774, 15
775, 24
776, 16
777, 16
778, 18
779, 16
780, 18
781, 14
782, 21
783, 29
784, 19
785, 23
786, 21
787, 19
788, 28
789, 22
790, 16
791, 20
792, 16
793, 16
794, 31
795, 18
796, 20
797, 14
798, 18
799, 23
800, 15
801, 14
802, 15
803, 5
804, 17
805, 18
806, 16
807, 28
808, 22
809, 17
810, 22
811, 20
812, 26
813, 17
814, 28
815, 20
816, 11
817, 20
818, 27
819, 20
820, 15
821, 16
822, 22
823, 18
824, 21
825, 13
826, 16
827, 16
828, 20
829, 18
830, 19
831, 12
832, 14
833, 24
834, 19
835, 29
836, 23
837, 22
838, 22
839, 24
840, 15
841, 14
842, 22
843, 23
844, 14
845, 15
846, 10
847, 19
848, 10
849, 18
850, 19
851, 21
852, 11
853, 18
854, 17
855, 16
856, 19
857, 18
858, 9
859, 15
860, 17
861, 11
862, 19
863, 24
864, 14
865, 21
866, 14
867, 11
868, 25
869, 12
870, 15
871, 13
872, 11
873, 15
874, 15
875, 15
876, 24
877, 16
878, 7
879, 15
880, 15
881, 12
882, 19
883, 16
884, 15
885, 19
886, 15
887, 15
888, 15
889, 16
890, 19
891, 16
892, 17
893, 22
894, 14
895, 22
896, 18
897, 11
898, 11
899, 10
900, 18
901, 13
902, 16
903, 12
904, 17
905, 12
906, 18
907, 12
908, 17
909, 17
910, 13
911, 8
912, 11
913, 18
914, 12
915, 12
916, 10
917, 20
918, 17
919, 17
920, 24
921, 14
922, 11
923, 16
924, 16
925, 26
926, 13
927, 19
928, 11
929, 11
930, 13
931, 19
932, 10
933, 12
934, 10
935, 20
936, 12
937, 14
938, 22
939, 10
940, 10
941, 16
942, 7
943, 11
944, 7
945, 17
946, 17
947, 11
948, 18
949, 17
950, 18
951, 16
952, 15
953, 18
954, 15
955, 12
956, 10
957, 10
958, 15
959, 10
960, 20
961, 17
962, 13
963, 10
964, 11
965, 7
966, 10
967, 10
968, 17
969, 22
970, 14
971, 12
972, 14
973, 12
974, 13
975, 17
976, 15
977, 13
978, 18
979, 8
980, 9
981, 12
982, 15
983, 11
984, 12
985, 15
986, 17
987, 13
988, 14
989, 13
990, 10
991, 12
992, 21
993, 14
994, 10
995, 19
996, 14
997, 13
998, 9
999, 16
1000, 12
1001, 9
1002, 16
1003, 11
1004, 9
1005, 8
1006, 8
1007, 19
1008, 18
1009, 16
1010, 14
1011, 15
1012, 8
1013, 11
1014, 13
1015, 10
1016, 14
1017, 13
1018, 12
1019, 9
1020, 11
1021, 10
1022, 10
1023, 17
1024, 15
1025, 15
1026, 14
1027, 14
1028, 20
1029, 12
1030, 10
1031, 6
1032, 11
1033, 15
1034, 7
1035, 7
1036, 18
1037, 8
1038, 9
1039, 15
1040, 9
1041, 7
1042, 9
1043, 12
1044, 8
1045, 9
1046, 14
1047, 10
1048, 16
1049, 14
1050, 13
1051, 11
1052, 11
1053, 11
1054, 15
1055, 8
1056, 10
1057, 17
1058, 13
1059, 7
1060, 7
1061, 16
1062, 8
1063, 14
1064, 13
1065, 8
1066, 11
1067, 10
1068, 15
1069, 17
1070, 10
1071, 5
1072, 14
1073, 10
1074, 8
1075, 11
1076, 10
1077, 14
1078, 8
1079, 6
1080, 9
1081, 8
1082, 15
1083, 14
1084, 7
1085, 16
1086, 12
1087, 10
1088, 9
1089, 12
1090, 13
1091, 8
1092, 9
1093, 11
1094, 12
1095, 17
1096, 7
1097, 7
1098, 10
1099, 8
1100, 16
1101, 13
1102, 6
1103, 10
1104, 14
1105, 4
1106, 13
1107, 14
1108, 6
1109, 6
1110, 7
1111, 8
1112, 13
1113, 10
1114, 9
1115, 13
1116, 8
1117, 6
1118, 10
1119, 15
1120, 10
1121, 10
1122, 11
1123, 13
1124, 10
1125, 11
1126, 13
1127, 14
1128, 10
1129, 9
1130, 12
1131, 12
1132, 9
1133, 11
1134, 15
1135, 11
1136, 4
1137, 14
1138, 11
1139, 11
1140, 10
1141, 12
1142, 10
1143, 13
1144, 19
1145, 14
1146, 5
1147, 12
1148, 12
1149, 10
1150, 11
1151, 10
1152, 7
1153, 4
1154, 4
1155, 5
1156, 11
1157, 12
1158, 13
1159, 12
1160, 9
1161, 8
1162, 10
1163, 5
1164, 12
1165, 14
1166, 5
1167, 5
1168, 6
1169, 11
1170, 9
1171, 13
1172, 9
1173, 5
1174, 7
1175, 8
1176, 9
1177, 13
1178, 12
1179, 13
1180, 8
1181, 12
1182, 7
1183, 14
1184, 11
1185, 5
1186, 12
1187, 11
1188, 12
1189, 16
1190, 9
1191, 12
1192, 10
1193, 8
1194, 7
1195, 14
1196, 11
1197, 13
1198, 10
1199, 11
1200, 11
1201, 12
1202, 4
1203, 5
1204, 11
1205, 15
1206, 8
1207, 6
1208, 8
1209, 9
1210, 6
1211, 4
1212, 12
1213, 4
1214, 6
1215, 11
1216, 9
1217, 8
1218, 9
1219, 7
1220, 9
1221, 13
1222, 11
1223, 6
1224, 8
1225, 5
1226, 8
1227, 10
1228, 7
1229, 6
1230, 13
1231, 11
1232, 5
1233, 10
1234, 13
1235, 5
1236, 6
1237, 8
1238, 10
1239, 9
1240, 8
1241, 13
1242, 5
1243, 10
1244, 6
1245, 5
1246, 5
1247, 10
1248, 8
1249, 7
1250, 9
1251, 10
1252, 11
1253, 5
1254, 7
1255, 5
1256, 8
1257, 12
1258, 9
1259, 7
1260, 8
1261, 13
1262, 8
1263, 8
1264, 8
1265, 5
1266, 11
1267, 4
1268, 9
1269, 9
1270, 10
1271, 6
1272, 6
1273, 10
1274, 5
1275, 3
1276, 10
1277, 5
1278, 4
1279, 13
1280, 6
1281, 9
1282, 5
1283, 8
1284, 6
1285, 8
1286, 12
1287, 9
1288, 6
1289, 9
1290, 15
1291, 6
1292, 9
1293, 5
1294, 10
1295, 5
1296, 8
1297, 8
1298, 9
1299, 6
1300, 8
1301, 12
1302, 7
1303, 7
1304, 9
1305, 9
1306, 3
1307, 5
1308, 6
1309, 7
1310, 8
1311, 12
1312, 8
1313, 7
1314, 6
1315, 12
1316, 7
1317, 6
1318, 7
1319, 7
1320, 7
1321, 12
1322, 5
1323, 5
1324, 5
1325, 6
1326, 9
1327, 9
1328, 4
1329, 8
1330, 9
1331, 13
1332, 5
1333, 5
1334, 12
1335, 5
1336, 12
1337, 7
1338, 5
1339, 10
1340, 6
1341, 8
1342, 9
1343, 4
1344, 7
1345, 3
1346, 9
1347, 7
1348, 9
1349, 6
1350, 6
1351, 11
1352, 9
1353, 9
1354, 9
1355, 4
1356, 7
1357, 8
1358, 5
1359, 5
1360, 5
1361, 11
1362, 8
1363, 6
1364, 11
1365, 4
1366, 4
1367, 5
1368, 4
1369, 8
1370, 13
1371, 9
1372, 6
1373, 8
1374, 5
1375, 13
1376, 6
1377, 8
1378, 5
1379, 6
1380, 4
1381, 11
1382, 5
1383, 10
1384, 8
1385, 6
1386, 10
1387, 7
1388, 10
1389, 6
1390, 9
1391, 6
1392, 9
1393, 10
1394, 1
1395, 8
1396, 3
1397, 3
1398, 6
1399, 6
1400, 10
1401, 5
1402, 3
1403, 3
1404, 3
1405, 4
1406, 10
1407, 14
1408, 3
1409, 8
1410, 5
1411, 5
1412, 5
1413, 13
1414, 3
1415, 8
1416, 4
1417, 7
1418, 5
1419, 9
1420, 9
1421, 3
1422, 7
1423, 7
1424, 3
1425, 10
1426, 3
1427, 4
1428, 9
1429, 7
1430, 5
1431, 11
1432, 8
1433, 5
1434, 9
1435, 7
1436, 4
1437, 10
1438, 11
1439, 7
1440, 6
1441, 12
1442, 11
1443, 5
1444, 5
1445, 2
1446, 13
1447, 8
1448, 10
1449, 3
1450, 4
1451, 10
1452, 8
1453, 7
1454, 5
1455, 9
1457, 7
1458, 4
1459, 7
1460, 6
1461, 7
1462, 9
1463, 6
1464, 7
1465, 6
1466, 11
1467, 6
1468, 6
1469, 12
1470, 2
1471, 10
1472, 4
1473, 8
1474, 3
1475, 5
1476, 4
1477, 7
1478, 4
1479, 4
1480, 8
1481, 4
1482, 10
1483, 4
1484, 8
1485, 10
1486, 6
1487, 9
1488, 6
1489, 2
1490, 5
1491, 8
1492, 5
1493, 6
1494, 4
1495, 8
1496, 4
1497, 4
1498, 10
1499, 7
1500, 9
1501, 2
1502, 10
1503, 7
1504, 7
1505, 5
1506, 2
1507, 7
1508, 7
1509, 5
1510, 5
1511, 2
1512, 8
1513, 8
1514, 7
1515, 7
1516, 3
1517, 7
1518, 6
1519, 2
1520, 8
1521, 6
1522, 5
1523, 8
1524, 3
1525, 7
1526, 7
1527, 3
1528, 3
1529, 6
1530, 5
1531, 10
1532, 1
1533, 2
1534, 8
1535, 4
1536, 5
1537, 4
1538, 6
1539, 7
1540, 6
1541, 6
1542, 2
1543, 3
1544, 7
1545, 5
1546, 8
1547, 8
1548, 12
1549, 9
1550, 5
1551, 9
1552, 7
1553, 3
1554, 5
1555, 9
1556, 6
1557, 2
1558, 6
1559, 11
1560, 4
1561, 2
1562, 2
1563, 3
1564, 7
1565, 6
1566, 6
1567, 3
1568, 5
1569, 1
1570, 5
1571, 6
1572, 3
1573, 7
1574, 7
1575, 5
1576, 7
1577, 5
1578, 2
1579, 5
1580, 7
1581, 3
1582, 4
1583, 4
1584, 7
1585, 3
1586, 5
1587, 7
1588, 6
1589, 4
1590, 3
1591, 3
1592, 4
1593, 10
1594, 8
1595, 6
1596, 4
1597, 2
1598, 8
1599, 5
1600, 8
1601, 4
1602, 10
1603, 12
1604, 4
1605, 8
1606, 2
1607, 8
1608, 6
1609, 4
1610, 3
1611, 6
1612, 7
1613, 5
1614, 2
1615, 8
1616, 9
1617, 3
1618, 5
1619, 4
1620, 10
1621, 3
1622, 5
1623, 7
1624, 4
1625, 2
1626, 5
1627, 3
1628, 7
1629, 6
1630, 7
1631, 8
1632, 3
1633, 6
1634, 4
1635, 4
1636, 5
1637, 7
1638, 4
1639, 7
1640, 6
1641, 4
1642, 6
1643, 1
1644, 3
1645, 10
1646, 2
1647, 5
1648, 5
1649, 9
1650, 2
1651, 4
1652, 10
1653, 6
1654, 7
1655, 5
1656, 7
1657, 4
1658, 8
1659, 2
1660, 7
1661, 4
1662, 4
1663, 2
1664, 3
1665, 6
1666, 5
1667, 3
1668, 7
1669, 4
1670, 10
1671, 6
1672, 6
1673, 6
1674, 4
1675, 2
1676, 3
1677, 4
1678, 6
1679, 8
1680, 5
1681, 10
1682, 5
1683, 4
1684, 8
1685, 2
1686, 7
1687, 4
1688, 7
1689, 6
1690, 10
1691, 2
1692, 4
1693, 6
1694, 8
1695, 3
1696, 5
1697, 3
1698, 9
1699, 5
1700, 6
1701, 4
1702, 6
1703, 6
1704, 3
1705, 4
1706, 6
1707, 6
1708, 6
1709, 5
1710, 6
1711, 7
1712, 2
1713, 5
1714, 2
1715, 7
1716, 8
1717, 6
1718, 2
1719, 2
1720, 8
1721, 6
1722, 5
1723, 6
1724, 5
1725, 6
1726, 5
1727, 7
1728, 4
1729, 6
1730, 1
1731, 2
1732, 6
1733, 5
1734, 1
1735, 3
1736, 6
1737, 5
1738, 4
1739, 3
1740, 4
1741, 9
1742, 5
1743, 5
1744, 9
1745, 5
1746, 3
1747, 9
1748, 5
1749, 6
1750, 4
1751, 6
1752, 4
1753, 11
1754, 5
1755, 2
1756, 5
1757, 5
1758, 4
1759, 9
1760, 7
1761, 6
1762, 4
1763, 7
1764, 4
1765, 3
1766, 3
1767, 9
1768, 6
1769, 3
1770, 7
1771, 6
1772, 5
1773, 5
1774, 4
1775, 5
1776, 6
1777, 7
1778, 3
1779, 3
1780, 7
1781, 1
1782, 9
1783, 8
1784, 2
1785, 2
1786, 8
1787, 2
1788, 3
1789, 3
1790, 3
1791, 7
1792, 5
1793, 4
1794, 3
1795, 8
1796, 6
1797, 3
1798, 5
1799, 3
1800, 2
1801, 3
1802, 4
1803, 4
1804, 3
1805, 5
1806, 8
1807, 6
1808, 7
1809, 1
1810, 2
1811, 4
1812, 6
1813, 3
1814, 6
1815, 7
1816, 5
1817, 7
1818, 1
1819, 6
1820, 2
1821, 1
1822, 7
1823, 7
1824, 4
1825, 3
1826, 4
1827, 3
1828, 6
1829, 2
1830, 3
1831, 4
1832, 4
1833, 6
1834, 8
1835, 6
1836, 4
1837, 4
1838, 3
1839, 3
1840, 4
1841, 1
1842, 6
1843, 2
1844, 2
1845, 2
1846, 5
1847, 5
1848, 6
1849, 8
1850, 4
1851, 6
1852, 2
1853, 6
1854, 3
1855, 3
1856, 6
1857, 8
1858, 2
1859, 3
1860, 6
1861, 3
1862, 5
1863, 4
1864, 6
1865, 6
1866, 2
1867, 5
1868, 2
1869, 2
1870, 2
1871, 1
1872, 2
1873, 4
1874, 9
1875, 6
1876, 5
1877, 4
1878, 7
1879, 7
1880, 5
1881, 1
1882, 2
1883, 5
1884, 5
1885, 2
1886, 4
1887, 7
1888, 4
1889, 4
1890, 2
1891, 5
1892, 7
1893, 7
1894, 1
1895, 3
1896, 6
1897, 3
1898, 1
1899, 4
1900, 5
1901, 4
1902, 4
1903, 4
1904, 5
1905, 4
1906, 2
1907, 3
1908, 2
1909, 3
1910, 5
1911, 3
1912, 5
1913, 2
1914, 2
1915, 2
1917, 4
1918, 4
1919, 2
1920, 7
1921, 7
1922, 6
1923, 3
1924, 3
1925, 5
1926, 4
1928, 3
1929, 8
1930, 2
1931, 4
1932, 6
1933, 5
1934, 6
1935, 4
1936, 3
1937, 9
1938, 4
1939, 3
1940, 4
1941, 7
1942, 3
1943, 6
1944, 6
1945, 2
1946, 2
1947, 2
1948, 2
1949, 1
1950, 8
1951, 5
1952, 4
1953, 4
1954, 1
1955, 4
1956, 4
1957, 5
1958, 4
1959, 4
1960, 3
1962, 7
1963, 5
1964, 3
1965, 4
1966, 4
1967, 3
1968, 4
1969, 3
1970, 3
1971, 4
1972, 5
1973, 2
1974, 8
1975, 4
1976, 2
1977, 5
1978, 6
1979, 4
1980, 4
1981, 5
1982, 4
1983, 3
1984, 3
1985, 4
1986, 4
1987, 5
1988, 3
1989, 2
1990, 4
1992, 3
1993, 5
1994, 3
1995, 1
1996, 5
1998, 2
1999, 3
2000, 4
2001, 2
2002, 1
2003, 4
2004, 4
2005, 3
2006, 2
2007, 3
2008, 4
2009, 4
2010, 3
2011, 2
2012, 2
2013, 6
2014, 2
2015, 6
2016, 4
2017, 4
2018, 6
2019, 4
2020, 7
2021, 6
2022, 5
2023, 8
2024, 3
2026, 2
2027, 6
2028, 6
2029, 4
2030, 5
2031, 7
2032, 5
2033, 3
2034, 4
2035, 7
2036, 1
2037, 6
2038, 5
2039, 12
2040, 5
2041, 2
2042, 2
2043, 8
2045, 1
2046, 3
2047, 5
2048, 2
2049, 1
2050, 2
2051, 6
2052, 3
2053, 4
2054, 4
2055, 4
2056, 4
2057, 4
2058, 3
2059, 7
2060, 7
2061, 4
2062, 1
2063, 3
2064, 6
2065, 2
2066, 6
2067, 3
2068, 2
2069, 3
2070, 6
2071, 1
2072, 2
2073, 2
2074, 5
2075, 7
2076, 2
2077, 5
2078, 3
2079, 3
2080, 4
2081, 3
2082, 4
2083, 6
2084, 3
2085, 2
2086, 1
2087, 6
2088, 5
2089, 1
2090, 4
2091, 2
2092, 9
2093, 5
2094, 2
2095, 6
2096, 4
2097, 2
2098, 3
2099, 2
2100, 3
2101, 4
2102, 3
2103, 2
2104, 2
2105, 6
2106, 2
2107, 2
2108, 5
2109, 2
2110, 4
2111, 4
2112, 2
2113, 4
2114, 2
2115, 5
2116, 3
2117, 2
2118, 4
2119, 4
2120, 5
2121, 5
2122, 2
2123, 2
2124, 1
2126, 6
2127, 8
2128, 2
2129, 1
2130, 4
2131, 1
2132, 6
2133, 3
2134, 2
2135, 4
2136, 4
2137, 5
2139, 1
2140, 3
2141, 5
2142, 2
2143, 5
2144, 1
2145, 2
2146, 4
2147, 2
2148, 3
2149, 3
2150, 4
2151, 5
2152, 5
2153, 3
2154, 3
2155, 4
2156, 2
2157, 1
2158, 4
2159, 5
2160, 3
2161, 7
2162, 4
2163, 1
2164, 5
2165, 3
2166, 6
2167, 4
2168, 3
2169, 1
2170, 2
2171, 4
2172, 2
2173, 4
2174, 5
2175, 2
2176, 1
2177, 4
2178, 4
2179, 3
2180, 7
2181, 4
2182, 3
2183, 4
2184, 1
2185, 4
2186, 3
2187, 4
2188, 4
2189, 4
2190, 5
2191, 6
2193, 4
2194, 3
2195, 6
2196, 4
2197, 5
2198, 7
2199, 2
2200, 2
2203, 3
2204, 4
2205, 2
2206, 6
2207, 6
2208, 5
2209, 2
2210, 2
2211, 6
2212, 2
2213, 5
2214, 3
2215, 2
2216, 3
2217, 1
2218, 1
2219, 2
2220, 2
2221, 4
2222, 3
2223, 5
2224, 3
2225, 3
2227, 1
2228, 3
2229, 4
2230, 3
2231, 5
2233, 1
2234, 1
2235, 1
2236, 2
2237, 3
2239, 5
2240, 6
2241, 3
2242, 3
2243, 2
2244, 7
2245, 3
2246, 3
2247, 5
2248, 3
2249, 4
2250, 4
2251, 4
2252, 1
2253, 3
2254, 3
2255, 5
2256, 2
2257, 6
2258, 2
2259, 5
2260, 2
2261, 2
2262, 2
2263, 3
2264, 7
2265, 3
2266, 5
2267, 2
2268, 2
2269, 1
2270, 3
2271, 3
2272, 4
2273, 5
2274, 1
2275, 2
2276, 6
2277, 2
2278, 1
2279, 3
2280, 5
2281, 4
2282, 3
2283, 1
2284, 6
2285, 3
2286, 1
2287, 3
2288, 1
2289, 5
2290, 2
2291, 3
2292, 3
2293, 4
2294, 3
2295, 6
2296, 4
2297, 3
2298, 5
2300, 3
2301, 2
2302, 2
2304, 2
2305, 2
2306, 4
2307, 3
2308, 2
2309, 3
2310, 4
2311, 5
2312, 2
2313, 3
2314, 3
2315, 4
2316, 7
2317, 4
2318, 4
2319, 4
2320, 3
2322, 3
2323, 3
2324, 3
2325, 5
2326, 2
2327, 3
2328, 4
2329, 4
2330, 5
2331, 6
2332, 5
2333, 2
2334, 5
2335, 2
2336, 5
2337, 1
2338, 2
2339, 4
2342, 1
2343, 2
2344, 1
2345, 5
2346, 4
2347, 2
2348, 2
2349, 4
2350, 4
2351, 4
2352, 6
2353, 3
2354, 6
2355, 3
2356, 3
2357, 5
2358, 2
2359, 2
2360, 4
2361, 2
2362, 4
2363, 4
2364, 5
2365, 1
2366, 4
2367, 2
2368, 5
2369, 4
2370, 5
2371, 5
2372, 3
2373, 7
2374, 2
2375, 4
2376, 5
2377, 3
2378, 3
2379, 4
2381, 2
2382, 2
2383, 6
2385, 4
2386, 3
2387, 3
2388, 2
2389, 4
2390, 3
2391, 4
2393, 1
2394, 4
2395, 3
2396, 1
2397, 3
2398, 3
2399, 2
2400, 4
2401, 1
2402, 3
2403, 1
2404, 3
2406, 3
2407, 3
2408, 3
2410, 3
2411, 2
2412, 1
2413, 3
2414, 7
2415, 2
2416, 2
2417, 1
2418, 4
2419, 3
2420, 6
2421, 2
2423, 3
2424, 3
2425, 2
2426, 1
2427, 1
2428, 3
2429, 2
2431, 8
2432, 4
2433, 3
2434, 2
2435, 1
2437, 3
2438, 7
2439, 1
2440, 1
2441, 2
2442, 4
2443, 4
2444, 2
2445, 1
2446, 2
2447, 3
2448, 4
2449, 3
2450, 4
2451, 2
2452, 1
2453, 1
2454, 2
2455, 2
2456, 4
2457, 5
2458, 2
2459, 6
2460, 2
2461, 2
2462, 5
2463, 3
2465, 2
2466, 2
2467, 3
2468, 3
2469, 3
2470, 2
2471, 1
2472, 2
2473, 2
2474, 2
2475, 2
2477, 2
2478, 3
2479, 1
2481, 4
2482, 3
2484, 3
2485, 7
2486, 1
2487, 1
2488, 4
2489, 1
2490, 5
2491, 1
2492, 4
2493, 3
2494, 5
2495, 3
2496, 2
2497, 2
2498, 2
2499, 4
2500, 3
2501, 2
2502, 3
2503, 4
2504, 3
2505, 2
2506, 3
2507, 3
2508, 1
2509, 2
2510, 2
2511, 1
2512, 1
2513, 6
2514, 4
2515, 5
2516, 2
2517, 3
2518, 2
2519, 1
2520, 1
2521, 4
2522, 3
2523, 2
2524, 1
2525, 1
2526, 1
2527, 2
2528, 1
2529, 9
2530, 3
2531, 5
2532, 2
2533, 3
2534, 4
2535, 2
2536, 5
2537, 3
2538, 4
2539, 7
2540, 2
2541, 2
2542, 2
2543, 1
2544, 4
2545, 5
2546, 4
2547, 4
2548, 4
2549, 1
2550, 3
2551, 3
2552, 2
2553, 2
2554, 4
2555, 2
2556, 4
2557, 4
2558, 1
2559, 4
2561, 4
2562, 3
2563, 1
2564, 2
2565, 1
2566, 3
2567, 1
2568, 3
2569, 4
2570, 4
2571, 1
2573, 3
2574, 1
2575, 2
2576, 1
2577, 3
2578, 2
2579, 1
2580, 3
2581, 2
2582, 3
2583, 2
2584, 1
2585, 3
2586, 3
2587, 6
2588, 5
2589, 6
2590, 1
2591, 3
2592, 2
2593, 2
2594, 1
2595, 3
2596, 2
2597, 1
2598, 1
2599, 3
2600, 4
2601, 3
2602, 3
2603, 2
2604, 2
2605, 4
2606, 4
2608, 4
2609, 1
2611, 4
2612, 1
2613, 1
2614, 3
2615, 1
2616, 3
2617, 5
2618, 2
2619, 2
2620, 1
2621, 1
2622, 2
2623, 3
2624, 1
2625, 3
2626, 2
2627, 3
2628, 1
2629, 2
2630, 3
2631, 1
2632, 3
2633, 4
2634, 3
2636, 3
2637, 3
2638, 3
2639, 2
2640, 1
2641, 5
2642, 2
2643, 2
2644, 3
2645, 4
2646, 1
2647, 3
2648, 2
2649, 2
2650, 3
2651, 3
2652, 4
2653, 1
2655, 6
2656, 4
2657, 1
2658, 1
2659, 1
2660, 5
2661, 2
2662, 1
2663, 4
2664, 3
2665, 2
2666, 1
2667, 3
2668, 1
2669, 4
2670, 1
2671, 5
2672, 1
2673, 3
2674, 1
2675, 4
2676, 1
2677, 5
2678, 4
2679, 4
2680, 4
2681, 5
2682, 2
2683, 2
2684, 1
2685, 3
2686, 2
2687, 2
2688, 1
2689, 1
2690, 2
2691, 7
2692, 3
2693, 2
2694, 4
2695, 1
2696, 3
2697, 1
2698, 7
2699, 4
2700, 3
2702, 1
2703, 2
2704, 1
2706, 2
2707, 6
2708, 4
2709, 1
2710, 3
2711, 1
2712, 1
2713, 4
2714, 1
2715, 1
2716, 1
2717, 3
2719, 4
2720, 2
2721, 1
2722, 2
2723, 1
2724, 1
2726, 4
2727, 3
2728, 2
2729, 4
2730, 2
2731, 3
2732, 3
2733, 1
2735, 2
2736, 2
2737, 2
2738, 4
2739, 1
2740, 2
2741, 1
2742, 3
2743, 2
2744, 4
2745, 1
2746, 1
2748, 2
2749, 4
2750, 1
2751, 3
2752, 2
2753, 1
2755, 2
2756, 3
2757, 1
2758, 2
2759, 3
2760, 2
2761, 2
2762, 4
2763, 4
2764, 3
2765, 2
2766, 2
2767, 1
2768, 1
2769, 4
2770, 3
2771, 1
2772, 1
2773, 3
2774, 3
2775, 3
2776, 2
2777, 1
2778, 2
2779, 4
2780, 3
2781, 3
2782, 3
2783, 4
2784, 1
2785, 3
2786, 4
2787, 2
2788, 2
2789, 4
2790, 2
2791, 2
2793, 6
2794, 2
2796, 5
2797, 3
2798, 2
2799, 1
2800, 1
2801, 1
2802, 1
2803, 2
2804, 1
2805, 2
2806, 2
2807, 1
2808, 3
2809, 4
2810, 1
2811, 4
2812, 2
2813, 2
2814, 1
2815, 1
2817, 2
2818, 3
2819, 1
2820, 4
2821, 3
2822, 2
2823, 4
2824, 3
2825, 2
2826, 2
2827, 4
2828, 1
2829, 5
2830, 3
2831, 3
2832, 3
2833, 2
2834, 1
2835, 2
2836, 1
2837, 3
2838, 2
2839, 1
2840, 1
2841, 1
2842, 3
2843, 2
2844, 3
2845, 3
2846, 2
2847, 1
2848, 2
2849, 2
2850, 4
2851, 2
2854, 2
2855, 4
2856, 1
2857, 3
2858, 2
2860, 3
2861, 3
2862, 5
2864, 2
2866, 4
2867, 2
2869, 1
2870, 4
2871, 3
2872, 2
2873, 1
2875, 3
2876, 2
2877, 2
2878, 2
2879, 1
2880, 3
2881, 3
2882, 4
2884, 2
2885, 1
2886, 1
2888, 3
2889, 4
2891, 2
2892, 1
2894, 5
2895, 3
2896, 3
2897, 4
2898, 1
2899, 2
2900, 1
2901, 4
2902, 3
2903, 5
2905, 1
2906, 2
2907, 2
2909, 3
2910, 4
2911, 1
2912, 4
2913, 2
2914, 4
2915, 2
2916, 4
2917, 4
2918, 4
2919, 3
2920, 1
2921, 2
2923, 1
2924, 3
2926, 1
2927, 2
2929, 1
2930, 2
2931, 3
2932, 3
2933, 2
2934, 1
2935, 2
2936, 3
2937, 2
2938, 2
2939, 5
2940, 1
2942, 1
2943, 2
2944, 4
2945, 1
2946, 1
2947, 1
2949, 1
2950, 3
2951, 2
2952, 1
2953, 1
2954, 3
2955, 1
2956, 2
2957, 2
2958, 1
2959, 1
2960, 1
2961, 4
2962, 3
2963, 3
2964, 2
2965, 3
2967, 3
2968, 2
2969, 3
2970, 1
2971, 2
2972, 1
2973, 1
2974, 3
2975, 1
2976, 2
2977, 2
2979, 1
2980, 2
2982, 3
2983, 3
2984, 2
2985, 3
2986, 4
2988, 4
2989, 2
2990, 3
2991, 2
2992, 2
2993, 3
2994, 1
2995, 3
2996, 1
2997, 3
2998, 1
2999, 3
3000, 2
3001, 4
3002, 1
3003, 2
3004, 2
3005, 4
3006, 1
3007, 4
3008, 1
3009, 4
3010, 1
3011, 1
3012, 2
3013, 2
3014, 5
3015, 2
3016, 2
3017, 2
3019, 1
3020, 2
3021, 1
3022, 1
3024, 2
3025, 3
3026, 2
3028, 2
3029, 2
3030, 1
3031, 1
3034, 2
3035, 3
3036, 3
3038, 5
3039, 4
3040, 2
3041, 3
3042, 3
3043, 3
3044, 2
3045, 2
3046, 3
3047, 1
3048, 3
3049, 2
3050, 2
3051, 4
3053, 3
3055, 3
3056, 2
3057, 3
3058, 1
3059, 1
3060, 2
3061, 3
3062, 1
3063, 1
3064, 3
3065, 2
3066, 1
3068, 2
3069, 3
3070, 1
3071, 2
3072, 3
3073, 1
3074, 1
3075, 2
3076, 1
3077, 1
3078, 4
3079, 2
3080, 3
3081, 1
3082, 1
3083, 1
3084, 1
3087, 2
3088, 2
3090, 2
3091, 2
3092, 1
3093, 1
3095, 2
3096, 1
3097, 3
3098, 1
3099, 2
3100, 3
3101, 3
3102, 2
3103, 6
3104, 1
3105, 3
3106, 3
3108, 4
3109, 2
3110, 2
3111, 4
3112, 1
3113, 1
3114, 1
3115, 3
3116, 3
3117, 3
3118, 2
3119, 1
3120, 5
3121, 3
3123, 1
3124, 2
3126, 1
3127, 1
3128, 2
3129, 2
3130, 1
3133, 3
3134, 3
3135, 1
3136, 3
3137, 3
3139, 2
3140, 1
3142, 4
3143, 2
3144, 1
3145, 2
3147, 1
3148, 1
3149, 1
3150, 1
3152, 2
3153, 1
3154, 1
3155, 2
3156, 3
3157, 4
3158, 3
3159, 2
3160, 4
3161, 2
3164, 4
3165, 1
3166, 2
3167, 2
3169, 1
3172, 1
3173, 2
3174, 4
3175, 4
3176, 2
3177, 1
3178, 2
3179, 4
3180, 4
3181, 1
3182, 1
3183, 1
3184, 3
3185, 1
3186, 1
3187, 2
3189, 1
3190, 4
3192, 2
3195, 2
3196, 2
3197, 1
3198, 3
3200, 1
3201, 2
3202, 4
3204, 2
3207, 1
3208, 1
3210, 1
3211, 1
3212, 3
3213, 1
3214, 1
3215, 1
3217, 2
3220, 2
3221, 1
3222, 1
3225, 3
3227, 1
3228, 4
3233, 2
3236, 2
3238, 1
3239, 3
3240, 3
3241, 4
3242, 2
3243, 2
3245, 2
3246, 2
3247, 1
3248, 1
3249, 1
3250, 2
3251, 1
3253, 4
3254, 1
3255, 3
3256, 1
3258, 1
3259, 1
3260, 1
3261, 2
3262, 4
3263, 1
3265, 1
3266, 2
3267, 2
3268, 3
3269, 3
3270, 3
3271, 2
3272, 1
3273, 1
3274, 2
3276, 1
3277, 3
3278, 1
3279, 2
3280, 3
3281, 3
3284, 1
3285, 1
3286, 3
3287, 2
3288, 1
3289, 1
3291, 1
3292, 1
3293, 2
3295, 1
3296, 1
3297, 2
3298, 1
3299, 2
3300, 2
3301, 3
3302, 1
3303, 2
3304, 1
3305, 1
3306, 1
3307, 2
3308, 2
3309, 3
3311, 1
3312, 1
3313, 4
3314, 2
3315, 3
3317, 2
3318, 1
3319, 2
3320, 1
3324, 1
3325, 1
3326, 3
3327, 2
3329, 2
3330, 5
3331, 1
3332, 1
3333, 3
3334, 1
3335, 1
3336, 3
3338, 2
3339, 1
3340, 2
3341, 1
3344, 2
3345, 2
3347, 1
3348, 2
3353, 2
3354, 1
3356, 2
3357, 3
3358, 1
3359, 2
3360, 2
3362, 3
3363, 2
3364, 1
3365, 2
3366, 2
3367, 3
3368, 5
3369, 1
3370, 4
3371, 1
3372, 1
3373, 4
3374, 1
3375, 2
3376, 3
3380, 1
3381, 1
3382, 2
3383, 1
3384, 3
3385, 4
3386, 1
3388, 1
3389, 4
3390, 4
3392, 2
3393, 1
3394, 2
3395, 2
3396, 1
3397, 1
3399, 4
3400, 3
3402, 3
3403, 3
3404, 1
3405, 1
3406, 3
3409, 2
3410, 1
3411, 1
3414, 2
3415, 5
3418, 2
3419, 1
3420, 3
3422, 2
3423, 1
3424, 2
3425, 3
3426, 1
3427, 2
3428, 1
3429, 2
3430, 2
3431, 3
3432, 1
3433, 2
3434, 2
3435, 1
3437, 4
3439, 2
3440, 3
3442, 1
3443, 2
3446, 1
3448, 3
3449, 2
3450, 3
3452, 2
3454, 1
3455, 1
3456, 2
3457, 2
3458, 3
3460, 1
3461, 3
3462, 1
3463, 1
3464, 1
3465, 1
3466, 1
3467, 1
3468, 1
3469, 2
3472, 1
3473, 2
3474, 2
3475, 2
3476, 3
3477, 2
3478, 3
3479, 2
3480, 1
3481, 2
3482, 2
3483, 1
3486, 2
3487, 2
3488, 1
3489, 1
3490, 1
3491, 1
3492, 2
3493, 2
3495, 1
3496, 3
3497, 2
3499, 2
3501, 2
3502, 1
3503, 1
3504, 3
3505, 2
3506, 1
3509, 1
3510, 2
3511, 1
3512, 1
3513, 2
3514, 2
3515, 1
3517, 1
3518, 2
3519, 1
3520, 1
3522, 2
3524, 2
3525, 4
3528, 2
3529, 1
3531, 1
3532, 1
3533, 3
3534, 3
3535, 1
3537, 1
3539, 3
3540, 1
3541, 1
3542, 3
3543, 2
3544, 2
3545, 1
3546, 2
3547, 1
3550, 2
3551, 2
3552, 1
3553, 3
3554, 1
3555, 2
3556, 2
3557, 3
3559, 3
3562, 1
3563, 4
3564, 1
3565, 4
3566, 1
3567, 4
3568, 1
3570, 1
3571, 1
3572, 2
3574, 2
3576, 1
3577, 2
3578, 1
3579, 1
3580, 1
3581, 4
3582, 2
3583, 3
3585, 3
3586, 2
3588, 1
3589, 2
3590, 3
3591, 1
3592, 1
3593, 1
3594, 1
3595, 1
3597, 2
3598, 1
3599, 1
3600, 1
3602, 1
3603, 2
3604, 1
3605, 1
3606, 1
3609, 1
3611, 1
3612, 3
3614, 2
3615, 1
3617, 2
3618, 3
3619, 3
3621, 2
3622, 1
3623, 1
3624, 1
3625, 3
3626, 2
3627, 2
3628, 1
3629, 1
3631, 2
3632, 1
3633, 1
3635, 2
3640, 2
3642, 4
3643, 2
3644, 3
3645, 1
3646, 1
3647, 1
3648, 2
3650, 2
3651, 1
3652, 3
3655, 1
3657, 1
3662, 4
3665, 1
3666, 3
3667, 2
3668, 1
3670, 1
3671, 2
3672, 1
3673, 1
3676, 2
3679, 1
3680, 1
3682, 2
3683, 2
3684, 2
3685, 1
3686, 1
3688, 2
3690, 3
3691, 2
3692, 3
3693, 1
3696, 1
3697, 1
3698, 4
3699, 1
3702, 2
3704, 1
3705, 2
3706, 2
3707, 1
3708, 1
3709, 3
3710, 1
3711, 3
3712, 1
3713, 1
3714, 3
3715, 1
3716, 3
3718, 3
3721, 3
3722, 1
3723, 2
3726, 3
3727, 1
3728, 4
3730, 3
3734, 1
3735, 1
3737, 1
3738, 1
3740, 1
3741, 1
3742, 4
3743, 1
3744, 3
3745, 1
3746, 1
3748, 2
3749, 1
3750, 2
3751, 3
3753, 3
3754, 2
3755, 2
3756, 1
3757, 3
3758, 3
3759, 2
3760, 2
3761, 1
3764, 1
3765, 1
3766, 1
3767, 1
3768, 1
3770, 1
3772, 1
3775, 2
3776, 1
3777, 1
3778, 1
3780, 2
3783, 3
3786, 1
3788, 2
3789, 2
3790, 1
3791, 2
3792, 1
3795, 1
3796, 1
3798, 1
3799, 2
3800, 4
3801, 1
3802, 1
3803, 3
3805, 1
3806, 2
3807, 2
3808, 1
3810, 2
3811, 1
3812, 2
3814, 1
3815, 2
3816, 2
3819, 1
3821, 1
3822, 2
3823, 2
3825, 1
3826, 3
3828, 2
3829, 1
3830, 1
3831, 1
3832, 1
3834, 2
3835, 1
3839, 5
3840, 1
3841, 1
3842, 3
3843, 1
3844, 4
3845, 2
3847, 1
3848, 2
3849, 1
3850, 1
3852, 1
3854, 1
3855, 2
3857, 1
3859, 1
3860, 1
3861, 1
3862, 1
3864, 2
3865, 1
3866, 1
3868, 1
3871, 1
3872, 2
3873, 1
3875, 1
3876, 1
3878, 2
3882, 1
3884, 2
3885, 2
3886, 2
3889, 2
3890, 1
3892, 1
3893, 1
3896, 1
3898, 2
3900, 2
3903, 1
3904, 2
3906, 2
3907, 2
3908, 1
3909, 2
3910, 1
3911, 1
3915, 2
3916, 1
3920, 1
3921, 2
3923, 2
3924, 2
3926, 2
3928, 1
3931, 1
3934, 1
3935, 2
3936, 1
3937, 2
3938, 1
3939, 1
3943, 2
3944, 2
3946, 4
3949, 1
3950, 2
3951, 5
3954, 1
3955, 2
3956, 1
3957, 2
3958, 1
3959, 1
3961, 1
3962, 1
3963, 1
3966, 1
3969, 2
3971, 3
3974, 2
3975, 3
3977, 2
3978, 1
3979, 1
3980, 1
3981, 2
3982, 1
3983, 3
3984, 1
3985, 1
3986, 2
3988, 1
3989, 2
3990, 1
3991, 1
3994, 2
3999, 1
4001, 2
4005, 1
4006, 2
4007, 1
4008, 3
4010, 2
4011, 1
4012, 1
4013, 1
4014, 4
4015, 1
4016, 2
4017, 4
4018, 2
4023, 1
4024, 2
4025, 1
4026, 2
4027, 3
4028, 2
4029, 1
4030, 1
4033, 1
4035, 2
4036, 2
4041, 1
4042, 2
4044, 2
4046, 1
4048, 1
4050, 3
4052, 1
4053, 1
4054, 1
4055, 1
4060, 3
4061, 1
4062, 1
4063, 1
4065, 1
4070, 1
4071, 1
4072, 2
4073, 2
4075, 1
4076, 1
4077, 2
4078, 1
4082, 2
4084, 2
4085, 2
4087, 2
4088, 1
4089, 2
4090, 1
4091, 1
4092, 1
4094, 1
4096, 1
4099, 2
4100, 1
4101, 3
4102, 1
4103, 2
4104, 2
4105, 2
4106, 1
4107, 4
4108, 1
4109, 1
4112, 1
4113, 1
4115, 1
4116, 1
4117, 1
4118, 2
4121, 1
4122, 1
4123, 2
4125, 1
4127, 1
4129, 1
4131, 3
4132, 2
4133, 1
4134, 1
4137, 2
4140, 2
4142, 1
4143, 2
4145, 1
4146, 1
4147, 1
4149, 3
4150, 1
4151, 1
4153, 1
4154, 2
4155, 3
4158, 2
4159, 1
4160, 1
4161, 1
4162, 1
4163, 2
4164, 1
4166, 1
4167, 1
4168, 1
4169, 2
4170, 3
4171, 1
4174, 1
4176, 2
4177, 2
4178, 1
4180, 2
4181, 2
4182, 3
4185, 2
4187, 2
4188, 1
4190, 1
4192, 1
4193, 1
4195, 1
4196, 2
4197, 1
4198, 3
4199, 3
4200, 1
4201, 1
4203, 1
4204, 1
4205, 1
4206, 2
4209, 1
4210, 1
4211, 1
4213, 1
4214, 1
4215, 2
4216, 1
4217, 2
4218, 1
4219, 1
4220, 2
4221, 1
4222, 2
4223, 3
4225, 2
4226, 1
4227, 1
4228, 2
4229, 1
4231, 1
4235, 1
4236, 2
4237, 1
4239, 1
4240, 2
4241, 2
4242, 2
4244, 1
4245, 2
4246, 1
4249, 1
4250, 1
4252, 2
4253, 1
4254, 2
4255, 1
4256, 3
4257, 2
4260, 1
4262, 1
4264, 1
4268, 3
4269, 1
4270, 2
4271, 2
4272, 3
4273, 1
4276, 1
4277, 1
4278, 2
4279, 1
4284, 1
4286, 1
4288, 1
4289, 2
4290, 3
4291, 3
4294, 1
4295, 1
4296, 1
4297, 2
4299, 1
4302, 1
4303, 1
4304, 1
4305, 1
4306, 3
4307, 1
4310, 2
4314, 1
4315, 1
4316, 1
4318, 1
4319, 2
4320, 2
4321, 2
4324, 3
4325, 3
4326, 2
4327, 1
4328, 3
4329, 1
4330, 1
4333, 1
4335, 2
4336, 1
4337, 2
4341, 1
4343, 2
4344, 1
4345, 1
4346, 2
4350, 2
4351, 2
4352, 3
4354, 2
4355, 3
4356, 1
4357, 1
4358, 1
4360, 1
4363, 2
4364, 1
4365, 2
4368, 2
4369, 2
4372, 2
4373, 2
4374, 1
4375, 3
4377, 1
4378, 1
4380, 3
4382, 1
4386, 1
4387, 1
4389, 2
4390, 1
4392, 1
4394, 1
4396, 1
4398, 2
4402, 2
4406, 1
4407, 1
4408, 1
4410, 2
4412, 1
4413, 1
4414, 1
4417, 1
4421, 1
4422, 1
4423, 2
4425, 1
4427, 3
4428, 1
4432, 2
4433, 1
4434, 1
4436, 2
4437, 2
4438, 1
4442, 1
4443, 2
4445, 1
4446, 1
4447, 3
4449, 1
4450, 1
4451, 1
4453, 2
4454, 1
4456, 1
4457, 1
4460, 1
4461, 2
4463, 2
4464, 1
4465, 1
4466, 2
4468, 1
4469, 1
4471, 1
4473, 2
4474, 1
4475, 2
4476, 2
4477, 2
4478, 1
4480, 4
4484, 1
4485, 1
4488, 1
4489, 3
4492, 2
4493, 1
4497, 1
4499, 2
4500, 1
4505, 2
4507, 1
4508, 1
4509, 1
4512, 2
4513, 1
4515, 1
4517, 2
4518, 1
4522, 1
4523, 1
4525, 1
4528, 1
4531, 1
4533, 2
4537, 1
4539, 1
4540, 1
4544, 1
4546, 3
4547, 2
4549, 1
4550, 2
4552, 1
4553, 1
4554, 1
4555, 2
4560, 1
4561, 2
4562, 3
4563, 1
4565, 1
4568, 4
4569, 1
4570, 1
4571, 1
4572, 1
4574, 1
4575, 2
4578, 1
4580, 2
4586, 1
4587, 1
4589, 1
4590, 2
4592, 2
4593, 1
4594, 2
4595, 1
4596, 1
4598, 1
4599, 2
4601, 2
4603, 1
4604, 1
4606, 1
4608, 2
4609, 1
4611, 1
4612, 1
4615, 1
4620, 1
4629, 1
4630, 1
4631, 1
4636, 1
4637, 1
4638, 1
4639, 2
4641, 4
4642, 2
4643, 3
4648, 1
4653, 1
4654, 1
4656, 1
4657, 1
4659, 2
4661, 1
4662, 1
4663, 2
4664, 1
4668, 1
4670, 2
4671, 1
4673, 2
4674, 1
4675, 3
4676, 1
4678, 1
4680, 2
4682, 1
4683, 1
4684, 2
4687, 2
4689, 1
4690, 3
4691, 2
4692, 1
4694, 1
4696, 3
4702, 1
4703, 1
4710, 1
4711, 2
4712, 1
4715, 1
4716, 2
4719, 1
4721, 2
4724, 1
4727, 1
4732, 2
4733, 1
4736, 2
4737, 1
4738, 3
4739, 1
4740, 1
4741, 1
4744, 1
4746, 1
4748, 1
4749, 1
4750, 1
4751, 1
4756, 1
4758, 1
4759, 3
4760, 1
4761, 2
4762, 2
4764, 1
4765, 1
4766, 3
4767, 3
4768, 1
4772, 2
4773, 1
4774, 1
4776, 2
4779, 2
4781, 2
4784, 1
4785, 1
4786, 1
4788, 3
4789, 1
4792, 1
4794, 1
4795, 3
4798, 2
4799, 2
4801, 1
4803, 2
4807, 1
4812, 1
4815, 2
4817, 2
4818, 1
4819, 1
4820, 1
4821, 1
4822, 1
4823, 2
4824, 3
4825, 1
4826, 1
4827, 1
4828, 1
4829, 2
4831, 1
4832, 1
4833, 2
4834, 1
4837, 1
4838, 1
4840, 2
4841, 1
4843, 1
4846, 3
4849, 2
4851, 2
4855, 1
4856, 1
4859, 2
4860, 2
4864, 1
4865, 1
4866, 1
4868, 2
4873, 1
4874, 1
4876, 1
4877, 1
4880, 1
4882, 1
4884, 1
4885, 1
4886, 1
4888, 3
4892, 2
4894, 1
4895, 1
4896, 1
4898, 1
4901, 2
4904, 2
4906, 1
4907, 1
4910, 1
4913, 1
4914, 1
4915, 1
4916, 1
4919, 1
4924, 1
4925, 2
4926, 4
4929, 1
4932, 1
4933, 1
4934, 1
4935, 1
4936, 1
4938, 1
4940, 1
4941, 1
4944, 3
4947, 2
4948, 2
4952, 1
4953, 1
4956, 1
4957, 1
4959, 1
4962, 1
4963, 1
4967, 2
4968, 2
4971, 1
4972, 1
4973, 1
4977, 1
4981, 2
4982, 3
4986, 1
4987, 2
4998, 1
4999, 1
5000, 2
5005, 1
5006, 1
5008, 1
5009, 1
5010, 2
5012, 1
5016, 2
5017, 1
5020, 2
5021, 1
5022, 2
5024, 1
5025, 3
5026, 1
5029, 3
5031, 1
5033, 1
5035, 1
5040, 2
5041, 1
5042, 1
5043, 2
5044, 1
5048, 1
5051, 1
5053, 2
5059, 1
5061, 1
5064, 1
5065, 1
5066, 1
5067, 1
5068, 1
5070, 1
5071, 1
5072, 1
5074, 1
5075, 1
5077, 1
5082, 1
5085, 1
5087, 2
5088, 2
5090, 2
5091, 1
5093, 1
5095, 1
5097, 3
5098, 1
5100, 1
5101, 1
5104, 1
5106, 1
5107, 2
5109, 1
5110, 1
5111, 1
5113, 1
5115, 2
5117, 1
5121, 1
5122, 1
5123, 1
5124, 1
5126, 1
5127, 2
5128, 1
5129, 1
5132, 1
5133, 1
5135, 1
5139, 1
5143, 1
5144, 1
5145, 1
5147, 1
5148, 2
5151, 1
5152, 1
5154, 2
5156, 1
5158, 2
5163, 1
5165, 1
5168, 1
5171, 1
5172, 1
5176, 1
5179, 1
5181, 1
5182, 1
5187, 1
5189, 1
5190, 1
5192, 1
5194, 1
5195, 1
5196, 2
5200, 1
5201, 1
5203, 1
5206, 3
5210, 1
5211, 1
5213, 1
5214, 2
5216, 2
5218, 1
5219, 1
5220, 1
5221, 1
5223, 1
5225, 1
5227, 1
5232, 1
5233, 1
5235, 1
5239, 1
5241, 1
5242, 3
5244, 1
5246, 1
5247, 1
5248, 1
5251, 4
5254, 1
5255, 1
5256, 2
5260, 1
5261, 1
5264, 1
5265, 1
5267, 1
5268, 1
5269, 1
5270, 1
5272, 1
5273, 1
5276, 1
5278, 2
5282, 1
5284, 1
5285, 2
5288, 1
5290, 1
5293, 1
5294, 1
5298, 1
5299, 1
5302, 1
5307, 2
5309, 2
5310, 1
5312, 2
5313, 2
5314, 1
5315, 1
5316, 2
5317, 1
5318, 2
5321, 1
5323, 2
5324, 1
5325, 1
5326, 2
5327, 1
5328, 1
5330, 2
5331, 2
5335, 2
5337, 1
5338, 1
5340, 1
5341, 1
5344, 1
5345, 2
5347, 1
5350, 1
5351, 2
5358, 1
5361, 1
5362, 2
5364, 1
5366, 1
5367, 1
5369, 2
5373, 1
5376, 1
5377, 1
5379, 1
5380, 2
5381, 3
5382, 1
5384, 2
5390, 1
5392, 1
5393, 2
5395, 1
5396, 3
5397, 1
5399, 1
5400, 1
5401, 1
5402, 1
5404, 2
5413, 2
5414, 1
5416, 1
5417, 1
5420, 1
5421, 1
5422, 1
5424, 1
5425, 1
5428, 2
5429, 1
5430, 1
5432, 1
5434, 1
5435, 1
5436, 2
5439, 1
5443, 2
5446, 1
5447, 1
5448, 1
5454, 1
5461, 1
5462, 1
5463, 1
5464, 2
5465, 1
5466, 1
5468, 4
5470, 1
5473, 1
5474, 1
5477, 1
5478, 1
5479, 2
5480, 1
5483, 1
5485, 1
5486, 1
5488, 2
5490, 1
5494, 1
5499, 3
5501, 2
5510, 1
5513, 1
5514, 2
5516, 2
5518, 2
5519, 1
5521, 1
5522, 1
5523, 1
5527, 1
5528, 1
5529, 1
5530, 2
5536, 1
5539, 1
5542, 1
5545, 2
5546, 2
5548, 1
5549, 1
5550, 1
5551, 1
5552, 1
5553, 3
5557, 2
5558, 1
5560, 1
5561, 1
5562, 1
5564, 1
5568, 1
5572, 1
5573, 1
5576, 1
5577, 1
5579, 2
5580, 1
5581, 1
5582, 1
5586, 2
5587, 3
5588, 1
5591, 1
5592, 1
5593, 1
5594, 1
5595, 1
5596, 1
5600, 2
5601, 1
5602, 1
5605, 1
5606, 1
5611, 1
5612, 1
5614, 2
5617, 2
5618, 1
5623, 1
5624, 2
5625, 1
5626, 1
5628, 1
5631, 1
5637, 1
5642, 1
5643, 1
5646, 1
5647, 2
5649, 1
5650, 2
5652, 1
5654, 2
5655, 2
5661, 1
5663, 1
5666, 1
5670, 1
5672, 1
5675, 2
5676, 2
5677, 1
5686, 1
5687, 1
5688, 1
5689, 1
5690, 1
5694, 1
5696, 1
5700, 1
5704, 1
5705, 2
5706, 1
5709, 1
5712, 1
5714, 1
5717, 1
5718, 2
5720, 1
5722, 2
5723, 1
5730, 1
5732, 2
5733, 1
5734, 1
5737, 1
5741, 2
5748, 1
5750, 1
5752, 1
5756, 1
5757, 1
5765, 1
5768, 1
5773, 1
5775, 1
5777, 1
5778, 1
5780, 1
5785, 1
5786, 1
5787, 1
5792, 1
5793, 1
5795, 1
5797, 1
5800, 1
5808, 2
5814, 4
5821, 1
5824, 1
5826, 1
5830, 1
5831, 3
5834, 1
5836, 1
5840, 1
5841, 2
5842, 1
5844, 1
5845, 1
5850, 2
5852, 1
5855, 1
5856, 1
5862, 2
5863, 1
5864, 1
5865, 1
5866, 1
5867, 1
5868, 2
5870, 2
5871, 1
5872, 2
5874, 1
5875, 1
5876, 2
5879, 1
5885, 2
5887, 1
5888, 1
5890, 1
5891, 1
5894, 1
5895, 1
5901, 2
5904, 1
5907, 1
5909, 3
5912, 1
5914, 1
5918, 1
5925, 1
5927, 1
5934, 1
5935, 1
5936, 1
5939, 1
5940, 1
5941, 1
5946, 1
5947, 1
5951, 1
5952, 1
5953, 1
5956, 2
5958, 1
5959, 1
5960, 1
5961, 1
5962, 1
5964, 2
5967, 1
5969, 1
5971, 2
5973, 1
5974, 1
5976, 1
5977, 1
5979, 1
5980, 1
5982, 1
5985, 1
5988, 1
5995, 2
5997, 1
5998, 1
6001, 1
6003, 1
6010, 1
6011, 1
6014, 1
6015, 2
6017, 1
6021, 3
6023, 2
6027, 1
6030, 1
6031, 1
6032, 2
6034, 1
6035, 1
6039, 1
6050, 1
6051, 1
6052, 1
6055, 1
6056, 1
6058, 1
6060, 1
6061, 1
6063, 1
6069, 1
6070, 1
6071, 1
6074, 1
6075, 2
6082, 1
6083, 1
6089, 2
6091, 1
6092, 1
6095, 1
6097, 1
6098, 1
6101, 1
6105, 2
6110, 1
6113, 2
6117, 1
6121, 1
6123, 1
6127, 2
6131, 1
6134, 1
6141, 1
6142, 1
6145, 3
6146, 1
6152, 1
6158, 1
6164, 1
6166, 2
6168, 1
6171, 1
6172, 2
6173, 1
6174, 1
6177, 1
6178, 1
6181, 1
6184, 2
6190, 1
6192, 1
6194, 2
6197, 1
6203, 3
6206, 1
6207, 1
6209, 1
6210, 2
6211, 2
6218, 2
6219, 1
6220, 1
6222, 1
6223, 2
6224, 1
6226, 1
6230, 1
6231, 1
6232, 2
6233, 1
6234, 1
6235, 1
6243, 1
6246, 1
6252, 1
6254, 1
6264, 2
6266, 2
6268, 1
6269, 2
6272, 1
6275, 1
6276, 2
6279, 2
6280, 1
6281, 1
6282, 1
6284, 1
6285, 2
6286, 1
6289, 1
6291, 1
6296, 1
6297, 1
6303, 1
6304, 1
6305, 1
6307, 1
6316, 1
6317, 1
6320, 1
6321, 1
6323, 1
6325, 1
6327, 1
6330, 1
6331, 1
6335, 1
6346, 2
6347, 1
6350, 1
6351, 1
6352, 1
6353, 1
6355, 1
6362, 1
6363, 1
6364, 2
6366, 1
6368, 1
6369, 1
6370, 1
6380, 1
6386, 1
6387, 2
6390, 1
6394, 2
6397, 1
6407, 1
6410, 1
6416, 1
6418, 1
6427, 1
6429, 1
6435, 1
6437, 1
6440, 1
6441, 1
6443, 1
6446, 2
6449, 2
6450, 1
6451, 1
6456, 1
6457, 1
6458, 1
6459, 1
6461, 2
6462, 1
6470, 1
6471, 2
6472, 1
6476, 1
6479, 1
6482, 1
6483, 1
6485, 2
6486, 1
6491, 1
6493, 1
6494, 1
6498, 2
6501, 3
6507, 1
6508, 1
6512, 1
6514, 1
6515, 1
6518, 1
6520, 1
6522, 1
6523, 1
6525, 1
6527, 1
6528, 2
6529, 2
6541, 1
6542, 1
6544, 1
6545, 1
6548, 1
6556, 1
6558, 1
6559, 1
6570, 1
6571, 1
6575, 1
6579, 1
6583, 1
6584, 1
6585, 2
6589, 1
6592, 1
6596, 1
6598, 2
6602, 1
6604, 2
6608, 1
6612, 1
6613, 3
6614, 1
6620, 1
6621, 1
6624, 1
6626, 1
6627, 1
6630, 2
6633, 1
6638, 1
6641, 1
6642, 1
6651, 2
6652, 1
6653, 1
6657, 2
6659, 1
6668, 1
6670, 2
6672, 1
6674, 1
6675, 1
6678, 1
6679, 1
6686, 1
6687, 1
6688, 1
6696, 1
6699, 1
6700, 1
6701, 1
6702, 1
6706, 2
6709, 1
6710, 2
6711, 1
6713, 1
6721, 2
6725, 1
6726, 1
6730, 1
6732, 1
6734, 2
6746, 1
6753, 1
6755, 1
6760, 2
6761, 1
6764, 1
6769, 1
6773, 1
6778, 1
6780, 1
6784, 1
6786, 1
6791, 3
6792, 1
6794, 2
6797, 1
6798, 1
6802, 1
6803, 1
6808, 1
6815, 1
6818, 1
6822, 1
6823, 1
6825, 1
6826, 1
6831, 1
6833, 1
6835, 1
6836, 1
6839, 2
6840, 1
6841, 2
6842, 1
6846, 1
6850, 1
6852, 1
6853, 1
6860, 1
6861, 1
6862, 1
6865, 1
6873, 1
6874, 1
6881, 2
6884, 2
6886, 1
6889, 1
6890, 1
6893, 1
6894, 1
6896, 1
6897, 1
6898, 1
6900, 1
6904, 1
6905, 2
6907, 1
6909, 1
6912, 1
6924, 1
6936, 1
6940, 2
6944, 2
6951, 1
6952, 1
6956, 1
6958, 1
6959, 1
6961, 1
6965, 1
6967, 2
6969, 2
6975, 2
6976, 1
6980, 2
6983, 2
6987, 1
6991, 2
6993, 1
6995, 2
6998, 1
6999, 1
7004, 3
7009, 1
7012, 1
7016, 1
7019, 1
7024, 2
7029, 1
7031, 1
7037, 1
7044, 1
7045, 1
7047, 2
7050, 1
7057, 3
7063, 2
7070, 1
7074, 2
7078, 2
7079, 1
7081, 1
7085, 2
7091, 1
7092, 1
7094, 1
7095, 1
7096, 1
7097, 1
7101, 1
7111, 1
7115, 1
7118, 1
7120, 1
7121, 2
7122, 1
7123, 1
7128, 1
7131, 1
7134, 1
7144, 1
7146, 1
7152, 1
7154, 1
7163, 1
7164, 1
7168, 1
7169, 1
7170, 1
7171, 1
7173, 2
7174, 1
7180, 1
7184, 1
7186, 1
7189, 1
7193, 2
7194, 1
7200, 1
7206, 1
7208, 2
7212, 1
7213, 1
7214, 1
7216, 3
7223, 2
7234, 2
7236, 1
7238, 1
7239, 1
7240, 1
7244, 1
7245, 1
7253, 1
7254, 2
7258, 1
7260, 1
7261, 1
7263, 2
7268, 2
7271, 1
7273, 1
7275, 1
7280, 1
7281, 2
7287, 1
7288, 1
7291, 1
7305, 1
7307, 1
7311, 1
7313, 1
7315, 2
7316, 1
7318, 2
7319, 1
7326, 1
7331, 1
7332, 2
7335, 3
7340, 1
7341, 2
7343, 1
7345, 1
7348, 1
7349, 1
7350, 1
7351, 1
7352, 2
7355, 1
7358, 1
7360, 1
7366, 1
7368, 1
7372, 2
7374, 1
7392, 1
7393, 1
7395, 1
7396, 1
7398, 1
7402, 1
7407, 1
7408, 1
7409, 2
7410, 1
7412, 1
7414, 1
7415, 1
7420, 1
7432, 2
7436, 1
7440, 1
7442, 1
7443, 1
7444, 1
7445, 2
7446, 1
7460, 2
7464, 1
7469, 1
7474, 1
7475, 1
7481, 1
7491, 1
7496, 3
7499, 1
7504, 1
7506, 1
7507, 1
7510, 1
7518, 1
7519, 2
7528, 1
7529, 1
7530, 1
7538, 1
7543, 1
7544, 1
7546, 1
7547, 1
7550, 1
7552, 1
7553, 2
7555, 2
7558, 1
7559, 1
7564, 1
7565, 1
7568, 1
7569, 1
7572, 1
7577, 1
7580, 1
7586, 1
7588, 2
7590, 1
7592, 1
7606, 1
7607, 1
7609, 1
7612, 2
7618, 2
7620, 1
7621, 1
7622, 1
7624, 2
7625, 1
7627, 1
7629, 1
7636, 1
7641, 1
7644, 1
7646, 1
7651, 1
7652, 1
7656, 1
7658, 1
7660, 1
7661, 1
7663, 1
7665, 1
7667, 1
7683, 1
7685, 2
7686, 1
7688, 1
7691, 1
7699, 1
7701, 1
7704, 2
7708, 1
7710, 1
7718, 1
7719, 1
7727, 1
7728, 1
7736, 1
7741, 1
7749, 1
7755, 1
7756, 1
7757, 1
7758, 1
7759, 1
7768, 2
7769, 1
7775, 1
7776, 1
7778, 1
7783, 1
7784, 1
7785, 1
7788, 1
7789, 2
7797, 1
7799, 1
7802, 1
7806, 1
7810, 1
7826, 1
7827, 1
7837, 1
7845, 1
7847, 1
7850, 1
7852, 1
7866, 2
7884, 1
7886, 1
7895, 1
7904, 2
7905, 1
7907, 1
7915, 2
7917, 1
7918, 1
7923, 1
7929, 1
7933, 1
7939, 1
7941, 1
7945, 1
7953, 1
7955, 1
7958, 3
7960, 1
7961, 1
7974, 1
7980, 1
7981, 2
7984, 1
7986, 1
7990, 1
7991, 1
7996, 2
7997, 1
8002, 1
8004, 1
8005, 1
8006, 1
8008, 1
8010, 1
8015, 1
8025, 1
8026, 1
8035, 1
8036, 1
8040, 1
8042, 1
8043, 1
8050, 2
8053, 1
8059, 2
8065, 1
8072, 1
8074, 2
8078, 1
8079, 1
8088, 1
8095, 1
8097, 3
8098, 1
8104, 1
8108, 1
8109, 1
8110, 1
8111, 1
8122, 1
8126, 2
8129, 1
8132, 1
8140, 2
8142, 2
8147, 1
8148, 1
8150, 1
8151, 1
8158, 1
8163, 2
8165, 1
8166, 1
8171, 1
8172, 1
8178, 1
8182, 1
8188, 1
8195, 1
8198, 1
8199, 1
8201, 2
8222, 1
8230, 1
8236, 1
8238, 1
8240, 2
8244, 1
8252, 2
8261, 1
8276, 1
8280, 2
8282, 1
8290, 1
8296, 1
8299, 2
8310, 1
8320, 1
8321, 1
8328, 1
8338, 1
8344, 1
8346, 1
8347, 1
8348, 1
8349, 1
8357, 1
8363, 1
8364, 2
8366, 1
8368, 1
8371, 1
8372, 1
8386, 1
8392, 2
8397, 1
8404, 1
8405, 1
8406, 1
8415, 1
8420, 2
8421, 1
8423, 1
8427, 1
8432, 1
8434, 1
8435, 1
8436, 1
8439, 1
8441, 1
8442, 1
8448, 1
8449, 1
8453, 1
8462, 2
8466, 1
8480, 1
8483, 2
8485, 1
8487, 1
8491, 1
8502, 1
8503, 1
8508, 2
8513, 1
8514, 1
8516, 2
8519, 1
8524, 1
8539, 1
8541, 1
8548, 1
8549, 1
8554, 1
8566, 1
8571, 2
8573, 1
8575, 1
8583, 1
8588, 1
8597, 1
8603, 1
8630, 1
8634, 1
8635, 1
8637, 1
8641, 1
8644, 2
8657, 1
8662, 1
8671, 2
8674, 1
8680, 2
8686, 1
8687, 1
8691, 1
8696, 1
8698, 1
8703, 1
8710, 1
8717, 1
8726, 1
8732, 1
8739, 1
8740, 1
8751, 1
8757, 1
8766, 1
8774, 1
8776, 1
8780, 1
8787, 1
8793, 1
8796, 1
8797, 2
8803, 1
8822, 1
8828, 1
8832, 1
8834, 1
8842, 1
8844, 1
8846, 1
8862, 1
8866, 1
8868, 1
8872, 1
8887, 2
8888, 1
8890, 1
8891, 1
8897, 1
8902, 1
8903, 1
8912, 2
8913, 1
8914, 1
8919, 1
8921, 1
8925, 1
8926, 1
8939, 1
8949, 1
8954, 1
8956, 1
8957, 1
8958, 1
8965, 1
8970, 1
8974, 1
8979, 1
8980, 1
8982, 1
8997, 1
8998, 1
8999, 1
9013, 1
9022, 1
9032, 1
9037, 1
9042, 1
9048, 1
9049, 1
9051, 1
9057, 1
9064, 1
9067, 1
9069, 1
9070, 1
9074, 2
9088, 1
9093, 1
9100, 1
9115, 1
9116, 1
9117, 1
9125, 1
9128, 1
9133, 1
9137, 1
9149, 1
9150, 2
9160, 1
9169, 1
9178, 1
9201, 1
9227, 1
9228, 1
9231, 2
9237, 1
9238, 1
9242, 1
9245, 1
9253, 2
9255, 1
9256, 1
9259, 1
9260, 1
9261, 1
9280, 1
9285, 1
9287, 1
9289, 1
9291, 1
9293, 1
9297, 1
9300, 1
9301, 2
9320, 1
9322, 1
9323, 1
9329, 1
9331, 2
9349, 1
9350, 1
9355, 1
9356, 1
9359, 1
9361, 1
9362, 1
9366, 1
9369, 1
9372, 1
9378, 1
9391, 2
9392, 2
9394, 2
9400, 1
9409, 1
9411, 1
9417, 1
9425, 1
9440, 1
9443, 1
9444, 1
9448, 2
9456, 1
9461, 1
9473, 1
9477, 1
9484, 1
9489, 1
9494, 1
9499, 1
9500, 1
9505, 2
9506, 1
9507, 1
9510, 1
9515, 1
9520, 1
9521, 1
9530, 1
9535, 1
9542, 1
9562, 2
9567, 1
9570, 1
9571, 1
9573, 1
9578, 1
9579, 1
9580, 1
9592, 1
9597, 1
9601, 1
9607, 1
9619, 1
9624, 2
9640, 1
9642, 1
9647, 1
9651, 1
9655, 1
9657, 1
9659, 1
9664, 1
9675, 1
9676, 1
9677, 1
9686, 1
9702, 1
9711, 1
9713, 1
9717, 1
9718, 1
9729, 1
9735, 1
9742, 1
9745, 1
9750, 1
9755, 2
9761, 1
9762, 1
9766, 1
9769, 1
9775, 1
9782, 3
9790, 1
9796, 1
9813, 1
9815, 1
9823, 1
9832, 1
9835, 1
9844, 1
9856, 1
9861, 1
9866, 1
9871, 1
9879, 1
9880, 1
9886, 1
9900, 1
9906, 1
9907, 1
9910, 1
9917, 2
9919, 1
9920, 1
9921, 1
9922, 1
9934, 1
9938, 1
9945, 2
9953, 1
9958, 1
9965, 1
9969, 1
9975, 1
9982, 1
9984, 1
9993, 1
9995, 2
10003, 1
10010, 1
10016, 1
10019, 1
10026, 1
10030, 1
10047, 1
10050, 1
10055, 2
10065, 1
10077, 1
10087, 1
10097, 1
10120, 1
10121, 1
10122, 1
10128, 1
10133, 1
10141, 1
10151, 1
10154, 1
10168, 1
10177, 1
10192, 1
10194, 1
10195, 1
10198, 1
10204, 1
10210, 1
10213, 1
10222, 1
10225, 1
10229, 1
10234, 1
10238, 1
10241, 1
10250, 1
10256, 1
10259, 1
10268, 1
10275, 1
10277, 1
10282, 1
10286, 1
10294, 1
10295, 2
10297, 1
10298, 1
10305, 1
10315, 1
10317, 1
10321, 2
10338, 1
10342, 1
10347, 1
10352, 1
10356, 1
10365, 1
10368, 1
10371, 1
10372, 1
10374, 1
10379, 1
10381, 1
10383, 1
10385, 1
10390, 1
10392, 1
10398, 1
10408, 1
10409, 1
10422, 1
10427, 1
10428, 1
10434, 1
10435, 1
10448, 1
10451, 1
10452, 1
10456, 1
10458, 1
10464, 1
10469, 1
10491, 1
10492, 1
10512, 1
10513, 1
10514, 1
10518, 1
10524, 1
10525, 1
10526, 1
10527, 1
10528, 1
10545, 1
10553, 1
10560, 1
10567, 1
10575, 1
10581, 1
10599, 1
10604, 1
10608, 1
10616, 2
10621, 1
10626, 1
10633, 1
10647, 1
10649, 1
10650, 1
10653, 1
10660, 1
10707, 1
10711, 1
10712, 1
10714, 3
10718, 1
10719, 1
10724, 1
10739, 1
10745, 1
10747, 1
10749, 1
10755, 1
10757, 1
10765, 1
10766, 1
10767, 1
10777, 1
10778, 1
10779, 1
10780, 1
10785, 1
10790, 1
10792, 1
10798, 1
10807, 1
10808, 1
10822, 1
10823, 1
10830, 1
10848, 1
10853, 1
10856, 2
10863, 1
10864, 1
10866, 1
10884, 1
10886, 1
10888, 1
10892, 1
10897, 2
10904, 1
10921, 1
10928, 1
10945, 1
10947, 2
10952, 1
10963, 1
10965, 1
10976, 1
10980, 1
10983, 2
10987, 1
10992, 1
11002, 1
11015, 2
11023, 1
11024, 1
11033, 1
11044, 1
11052, 1
11053, 1
11076, 1
11127, 1
11131, 1
11141, 1
11147, 1
11163, 1
11164, 1
11166, 1
11167, 1
11169, 1
11172, 1
11186, 1
11187, 1
11189, 1
11190, 1
11192, 1
11193, 1
11200, 1
11207, 1
11212, 2
11222, 1
11224, 1
11227, 1
11235, 1
11236, 1
11249, 1
11259, 1
11268, 1
11270, 1
11274, 1
11276, 1
11291, 1
11302, 1
11303, 1
11307, 1
11313, 1
11321, 1
11322, 1
11336, 1
11337, 1
11343, 1
11347, 1
11352, 1
11359, 1
11360, 1
11375, 1
11381, 1
11382, 1
11406, 1
11417, 1
11421, 1
11430, 1
11451, 1
11463, 1
11471, 1
11472, 1
11475, 1
11481, 1
11489, 1
11496, 1
11501, 1
11502, 1
11513, 1
11522, 1
11526, 1
11533, 1
11537, 1
11538, 1
11544, 1
11562, 1
11569, 2
11601, 1
11605, 2
11627, 1
11652, 1
11654, 1
11661, 1
11680, 1
11683, 1
11684, 1
11700, 1
11702, 1
11708, 1
11709, 1
11717, 1
11726, 1
11734, 1
11748, 1
11749, 1
11751, 1
11763, 1
11765, 1
11770, 1
11777, 1
11823, 2
11835, 1
11839, 1
11840, 1
11842, 1
11843, 1
11847, 1
11862, 1
11865, 1
11868, 1
11876, 1
11894, 1
11898, 1
11906, 1
11908, 1
11919, 1
11929, 1
11932, 1
11933, 1
11946, 2
11952, 1
11954, 1
11956, 1
11969, 1
11974, 1
11977, 1
11980, 1
12008, 1
12009, 1
12013, 1
12028, 1
12040, 1
12043, 1
12086, 1
12098, 1
12099, 1
12126, 1
12127, 1
12134, 1
12135, 1
12138, 1
12142, 1
12166, 1
12169, 1
12170, 1
12193, 1
12199, 1
12203, 2
12211, 1
12217, 1
12228, 1
12244, 1
12251, 1
12287, 1
12292, 1
12300, 1
12310, 1
12312, 1
12319, 1
12325, 1
12333, 1
12365, 1
12372, 1
12374, 1
12393, 2
12424, 1
12434, 1
12437, 1
12438, 1
12443, 2
12446, 2
12458, 1
12479, 1
12488, 1
12491, 1
12496, 1
12497, 1
12498, 1
12528, 1
12532, 1
12542, 1
12553, 1
12561, 1
12566, 1
12568, 1
12580, 1
12586, 1
12587, 1
12594, 1
12606, 1
12618, 1
12637, 1
12639, 1
12644, 1
12657, 2
12672, 1
12685, 1
12699, 2
12703, 1
12717, 1
12723, 1
12729, 1
12738, 2
12748, 1
12750, 1
12757, 1
12771, 1
12772, 2
12774, 1
12775, 1
12789, 1
12790, 1
12802, 1
12809, 1
12827, 1
12840, 1
12845, 1
12855, 1
12860, 1
12864, 1
12872, 1
12878, 2
12881, 1
12902, 1
12907, 1
12911, 1
12912, 1
12913, 2
12917, 1
12929, 1
12939, 1
12943, 1
12949, 1
12954, 1
12961, 1
12962, 1
12963, 1
12969, 1
12975, 1
13002, 1
13003, 1
13010, 1
13024, 1
13033, 1
13035, 1
13036, 1
13041, 1
13042, 1
13056, 1
13085, 1
13099, 2
13105, 1
13106, 1
13124, 1
13130, 1
13136, 1
13142, 1
13150, 1
13175, 1
13192, 1
13221, 1
13222, 1
13254, 1
13255, 1
13257, 1
13258, 1
13291, 1
13305, 1
13321, 1
13324, 1
13347, 1
13352, 1
13355, 2
13361, 1
13376, 1
13387, 1
13395, 1
13399, 1
13422, 1
13426, 1
13430, 1
13434, 1
13438, 1
13442, 1
13457, 1
13464, 1
13476, 2
13485, 3
13493, 2
13522, 1
13528, 1
13539, 1
13551, 1
13567, 1
13569, 1
13576, 1
13580, 1
13583, 1
13588, 1
13589, 1
13597, 1
13599, 2
13603, 1
13605, 1
13648, 1
13649, 1
13650, 2
13679, 1
13737, 1
13760, 1
13769, 1
13773, 1
13776, 1
13778, 2
13780, 1
13790, 1
13799, 1
13803, 1
13819, 1
13820, 1
13835, 1
13837, 1
13839, 1
13875, 1
13878, 1
13892, 1
13893, 1
13895, 1
13905, 1
13906, 1
13908, 1
13915, 1
13917, 1
13921, 1
13926, 1
13932, 1
13942, 1
13967, 1
13971, 1
13974, 1
13975, 2
13976, 1
14005, 1
14006, 1
14021, 1
14027, 1
14040, 1
14061, 1
14082, 2
14085, 1
14087, 1
14088, 1
14116, 1
14132, 1
14134, 2
14137, 1
14152, 1
14173, 1
14179, 1
14191, 1
14199, 1
14204, 1
14231, 1
14243, 1
14259, 1
14263, 1
14284, 1
14290, 1
14306, 1
14325, 1
14344, 1
14348, 1
14367, 1
14405, 1
14427, 1
14431, 1
14434, 1
14443, 1
14446, 1
14448, 2
14457, 1
14471, 1
14473, 1
14477, 1
14481, 1
14488, 1
14495, 1
14498, 1
14505, 1
14518, 1
14526, 1
14545, 1
14573, 1
14580, 1
14584, 1
14593, 1
14645, 1
14646, 1
14653, 1
14666, 2
14673, 1
14674, 1
14675, 1
14678, 1
14679, 1
14692, 1
14711, 1
14724, 1
14732, 1
14744, 2
14774, 1
14781, 1
14787, 1
14792, 1
14798, 1
14816, 1
14824, 1
14838, 1
14900, 1
14903, 1
14905, 1
14923, 1
14937, 1
14945, 1
14946, 1
14954, 1
14964, 1
14967, 1
15016, 1
15028, 1
15035, 1
15042, 1
15046, 1
15048, 1
15058, 1
15068, 1
15078, 1
15091, 1
15103, 1
15108, 1
15130, 1
15131, 1
15133, 1
15136, 1
15152, 1
15173, 1
15178, 1
15187, 1
15213, 1
15214, 2
15248, 1
15263, 1
15286, 1
15293, 1
15299, 1
15304, 1
15305, 1
15334, 1
15336, 1
15340, 1
15357, 1
15365, 1
15370, 1
15374, 1
15375, 1
15396, 1
15405, 1
15414, 1
15415, 1
15459, 1
15464, 1
15472, 1
15510, 1
15519, 1
15529, 1
15542, 1
15555, 1
15560, 1
15576, 1
15599, 1
15609, 1
15619, 1
15626, 1
15655, 1
15656, 1
15693, 1
15701, 1
15704, 1
15713, 2
15742, 1
15749, 1
15757, 1
15773, 1
15790, 1
15795, 1
15799, 1
15822, 1
15830, 1
15832, 1
15862, 1
15870, 1
15871, 1
15874, 1
15875, 1
15896, 1
15909, 1
15914, 1
15922, 1
15935, 1
15938, 1
15962, 1
15974, 1
15986, 1
15996, 1
16023, 1
16029, 1
16030, 1
16034, 1
16035, 1
16049, 1
16051, 1
16088, 1
16099, 1
16105, 1
16109, 1
16146, 1
16149, 1
16155, 1
16159, 1
16160, 1
16175, 1
16197, 1
16208, 1
16217, 1
16220, 1
16240, 1
16251, 1
16252, 1
16256, 1
16266, 1
16294, 1
16305, 1
16360, 1
16378, 1
16410, 1
16418, 1
16422, 1
16439, 1
16471, 1
16524, 1
16529, 1
16531, 1
16539, 1
16540, 1
16555, 1
16558, 1
16559, 1
16563, 1
16577, 1
16587, 1
16591, 1
16592, 1
16604, 1
16607, 1
16625, 1
16659, 1
16661, 1
16667, 1
16673, 1
16674, 1
16703, 1
16722, 1
16726, 1
16769, 1
16777, 1
16778, 1
16779, 1
16780, 1
16785, 1
16798, 1
16807, 1
16816, 1
16819, 1
16857, 1
16869, 1
16872, 1
16874, 1
16897, 1
16920, 1
16930, 1
16950, 1
16965, 1
16975, 1
16977, 2
16992, 1
17003, 1
17008, 1
17009, 1
17012, 1
17021, 1
17035, 1
17050, 1
17074, 1
17076, 1
17080, 1
17083, 1
17095, 1
17108, 1
17117, 1
17128, 1
17157, 1
17200, 1
17221, 1
17229, 1
17238, 2
17246, 1
17259, 1
17270, 1
17282, 1
17293, 1
17307, 1
17310, 1
17313, 1
17350, 1
17356, 1
17360, 1
17379, 1
17404, 1
17410, 1
17428, 2
17433, 1
17443, 1
17486, 1
17491, 1
17492, 1
17511, 1
17513, 1
17522, 1
17548, 1
17556, 1
17559, 1
17561, 2
17567, 1
17572, 1
17576, 1
17611, 1
17620, 1
17629, 1
17650, 1
17659, 1
17670, 1
17690, 1
17708, 1
17730, 1
17766, 1
17782, 1
17850, 1
17860, 1
17862, 1
17882, 1
17889, 1
17928, 1
17938, 1
17970, 1
17979, 1
17984, 1
17993, 1
18006, 1
18008, 1
18049, 1
18059, 1
18077, 1
18097, 1
18120, 1
18128, 1
18138, 1
18149, 1
18154, 1
18160, 1
18163, 1
18167, 1
18180, 1
18198, 1
18229, 1
18258, 1
18262, 1
18273, 1
18314, 1
18315, 1
18322, 1
18385, 1
18416, 1
18417, 1
18433, 1
18444, 1
18463, 1
18468, 1
18489, 1
18491, 1
18493, 1
18512, 1
18536, 2
18542, 1
18568, 1
18570, 1
18589, 1
18617, 1
18669, 1
18707, 1
18716, 1
18728, 2
18739, 1
18749, 2
18807, 1
18821, 1
18825, 1
18835, 1
18847, 1
18856, 1
18873, 1
18893, 1
18937, 1
18951, 1
18964, 1
18972, 1
18989, 1
18990, 1
19012, 1
19032, 1
19040, 1
19095, 1
19100, 1
19104, 1
19114, 1
19126, 1
19195, 1
19222, 1
19242, 1
19269, 1
19275, 1
19280, 1
19313, 1
19322, 1
19361, 1
19377, 1
19435, 1
19436, 1
19439, 1
19479, 1
19493, 1
19502, 1
19508, 1
19511, 2
19513, 1
19515, 1
19559, 1
19585, 1
19595, 1
19606, 1
19615, 1
19632, 1
19651, 1
19662, 1
19675, 1
19697, 1
19707, 1
19710, 1
19714, 1
19771, 1
19772, 1
19781, 1
19794, 1
19849, 1
19879, 1
19906, 1
19908, 1
19913, 1
19932, 1
19947, 1
19967, 1
19970, 1
19971, 1
20006, 1
20008, 2
20072, 1
20077, 1
20137, 1
20152, 1
20154, 1
20157, 1
20158, 1
20175, 1
20182, 1
20193, 1
20221, 1
20295, 1
20299, 1
20307, 1
20318, 1
20323, 1
20337, 1
20340, 1
20374, 1
20384, 1
20399, 1
20422, 1
20445, 1
20470, 1
20480, 1
20486, 1
20489, 1
20491, 1
20496, 1
20525, 1
20551, 1
20554, 1
20572, 1
20615, 1
20648, 1
20651, 1
20667, 1
20695, 1
20704, 1
20713, 1
20725, 1
20759, 1
20774, 1
20777, 1
20778, 1
20797, 1
20808, 1
20813, 1
20861, 1
20901, 1
20917, 1
20923, 1
20926, 1
20966, 1
20992, 1
21003, 1
21019, 1
21022, 1
21082, 1
21086, 1
21113, 1
21118, 1
21120, 1
21177, 1
21192, 1
21195, 1
21232, 1
21276, 1
21282, 1
21290, 1
21292, 1
21320, 1
21333, 1
21376, 1
21383, 1
21405, 1
21434, 1
21446, 1
21495, 1
21509, 1
21542, 1
21545, 1
21553, 1
21580, 1
21683, 1
21684, 1
21693, 1
21738, 1
21764, 1
21824, 1
21907, 1
21910, 1
21924, 1
21962, 1
21984, 1
22007, 1
22011, 1
22020, 1
22032, 1
22050, 1
22062, 1
22074, 2
22084, 1
22092, 1
22128, 1
22164, 1
22165, 1
22180, 1
22207, 1
22220, 1
22251, 1
22282, 1
22284, 1
22286, 1
22313, 1
22319, 1
22327, 1
22338, 1
22412, 1
22414, 1
22420, 1
22428, 1
22466, 1
22537, 1
22574, 1
22620, 1
22623, 1
22702, 1
22715, 1
22720, 1
22721, 1
22741, 1
22789, 2
22847, 1
22857, 1
22866, 1
22871, 1
22892, 1
22895, 1
22897, 1
22914, 2
22962, 1
22973, 1
23016, 1
23070, 1
23105, 1
23134, 1
23159, 1
23240, 1
23262, 1
23267, 1
23270, 1
23285, 1
23298, 1
23324, 1
23336, 1
23415, 1
23486, 1
23518, 1
23533, 1
23559, 1
23562, 1
23606, 1
23642, 1
23644, 1
23669, 1
23681, 1
23696, 1
23724, 1
23728, 1
23744, 1
23746, 1
23779, 1
23869, 1
23874, 1
23879, 1
23923, 1
24001, 1
24013, 1
24036, 1
24043, 1
24064, 1
24067, 1
24070, 1
24082, 1
24090, 1
24100, 1
24124, 1
24190, 1
24198, 1
24355, 1
24367, 2
24379, 1
24405, 1
24497, 1
24528, 1
24570, 1
24573, 2
24690, 2
24710, 1
24714, 1
24759, 1
24764, 1
24773, 1
24888, 1
24918, 1
24935, 1
25107, 1
25124, 2
25159, 1
25206, 1
25233, 1
25266, 1
25328, 1
25336, 1
25359, 1
25378, 1
25379, 1
25387, 1
25439, 1
25441, 1
25462, 1
25536, 1
25551, 1
25575, 1
25656, 1
25715, 1
25771, 1
25881, 1
25901, 1
25965, 1
25989, 1
26041, 1
26061, 1
26083, 1
26097, 1
26154, 1
26163, 1
26194, 1
26343, 1
26444, 1
26448, 1
26520, 1
26538, 1
26619, 1
26654, 1
26735, 1
26762, 1
26770, 1
26827, 1
26908, 1
26919, 1
26926, 1
26929, 1
26941, 1
26961, 1
26963, 1
26976, 1
27125, 1
27159, 1
27181, 1
27192, 1
27199, 1
27215, 1
27275, 1
27296, 1
27372, 1
27436, 1
27439, 1
27474, 1
27518, 1
27523, 1
27557, 1
27558, 1
27574, 1
27591, 1
27697, 1
27708, 1
27751, 1
27760, 1
27762, 1
27813, 1
27847, 1
27855, 1
27898, 1
27944, 1
27956, 1
27957, 1
27959, 1
28056, 1
28132, 1
28233, 1
28239, 1
28245, 1
28294, 1
28311, 1
28369, 1
28407, 1
28541, 1
28545, 1
28550, 1
28551, 1
28610, 1
28611, 1
28646, 1
28710, 1
28725, 1
28736, 1
28748, 1
28791, 1
28841, 1
28849, 1
28851, 1
28904, 1
28907, 1
28935, 1
29159, 1
29187, 1
29249, 1
29268, 1
29310, 1
29320, 1
29387, 1
29426, 1
29438, 1
29458, 1
29514, 1
29629, 1
29656, 1
29696, 1
29722, 1
29849, 1
29875, 1
29886, 1
29933, 1
29994, 1
30031, 1
30038, 1
30200, 1
30207, 1
30270, 1
30285, 1
30286, 1
30296, 1
30402, 1
30414, 1
30419, 1
30458, 1
30507, 1
30513, 1
30527, 1
30581, 1
30626, 1
30672, 1
30689, 1
30708, 1
30733, 1
30735, 1
30747, 1
30775, 1
30830, 1
30927, 1
30966, 1
31027, 1
31075, 1
31090, 1
31129, 1
31173, 1
31180, 1
31233, 1
31250, 1
31311, 1
31327, 1
31363, 1
31391, 1
31429, 1
31651, 1
31661, 1
31715, 1
31728, 2
31802, 1
31826, 1
31880, 1
31907, 1
31908, 1
31930, 1
31939, 1
31948, 1
31951, 1
32042, 1
32103, 1
32109, 1
32118, 1
32126, 1
32163, 1
32225, 1
32235, 1
32240, 1
32251, 1
32334, 1
32406, 2
32454, 1
32475, 1
32490, 1
32493, 1
32536, 1
32571, 1
32604, 1
32643, 1
32690, 1
32750, 1
32756, 1
32832, 1
32849, 1
32910, 1
32946, 1
32995, 1
33000, 1
33002, 1
33035, 1
33102, 1
33210, 1
33229, 1
33253, 1
33271, 1
33313, 1
33319, 1
33337, 1
33391, 1
33486, 1
33507, 1
33511, 1
33518, 1
33540, 1
33679, 1
33726, 1
33759, 1
33830, 1
33853, 1
33890, 1
33903, 1
34041, 1
34051, 2
34150, 1
34157, 1
34358, 1
34368, 1
34372, 1
34482, 1
34524, 1
34586, 1
34667, 1
34719, 1
34728, 1
34747, 1
34757, 1
34783, 2
34835, 1
34860, 2
34922, 1
34932, 1
34968, 1
35016, 1
35028, 1
35029, 1
35056, 1
35103, 1
35134, 1
35164, 1
35188, 1
35218, 1
35373, 1
35402, 1
35409, 1
35411, 1
35413, 1
35506, 1
35526, 1
35604, 1
35654, 1
35662, 1
35710, 1
35773, 1
35792, 1
35815, 1
35875, 1
35934, 1
35964, 1
36006, 1
36120, 1
36196, 1
36288, 1
36295, 1
36321, 1
36437, 1
36491, 1
36543, 1
36569, 1
36580, 1
36588, 1
36606, 1
36626, 1
36690, 1
36786, 1
36871, 2
36888, 1
36954, 1
36990, 1
37068, 1
37070, 1
37081, 1
37082, 1
37155, 1
37245, 1
37356, 1
37370, 1
37425, 1
37473, 1
37480, 1
37524, 1
37622, 1
37641, 1
37760, 1
37774, 1
37794, 1
37870, 1
37901, 1
37930, 1
37939, 2
37984, 1
38034, 1
38048, 1
38163, 1
38173, 1
38183, 1
38214, 1
38281, 1
38386, 1
38424, 1
38488, 1
38501, 1
38504, 1
38534, 1
38568, 1
38595, 1
38622, 1
38643, 1
38662, 1
38770, 1
38788, 1
38840, 1
38887, 1
38926, 1
38958, 1
38997, 1
39029, 1
39064, 1
39073, 1
39090, 1
39134, 1
39172, 1
39183, 1
39202, 1
39212, 1
39270, 1
39321, 1
39455, 1
39467, 1
39472, 1
39484, 1
39487, 1
39489, 1
39495, 1
39573, 1
39616, 1
39819, 1
39874, 1
39883, 1
39927, 1
39955, 1
39962, 1
40025, 1
40101, 1
40115, 1
40160, 1
40186, 1
40362, 1
40411, 1
40425, 1
40428, 1
40470, 1
40537, 1
40617, 1
40622, 1
40630, 1
40636, 1
40659, 1
40742, 1
40760, 1
40828, 1
40834, 1
40878, 1
40953, 1
41121, 1
41129, 1
41141, 1
41151, 1
41192, 1
41231, 1
41260, 1
41278, 1
41308, 1
41644, 1
41657, 1
41689, 1
41703, 1
41753, 1
41769, 1
41835, 1
41852, 1
41876, 1
42006, 1
42067, 1
42100, 1
42152, 1
42190, 1
42226, 1
42276, 1
42388, 1
42398, 1
42411, 1
42452, 1
42664, 1
42705, 1
42790, 1
42812, 1
42861, 1
42890, 1
42926, 1
42960, 1
42970, 1
43025, 1
43028, 1
43047, 1
43106, 1
43145, 1
43161, 1
43184, 1
43186, 1
43325, 1
43340, 1
43418, 1
43465, 1
43476, 1
43552, 1
43649, 1
43733, 1
43844, 1
43948, 1
44271, 1
44302, 1
44332, 1
44402, 1
44454, 1
44603, 1
44739, 1
44742, 1
44780, 1
44818, 1
44845, 1
44860, 1
44887, 1
45001, 1
45126, 1
45174, 1
45266, 1
45273, 1
45282, 1
45482, 1
45510, 1
45535, 1
45610, 1
45643, 1
45784, 1
45930, 1
46075, 1
46202, 1
46257, 1
46341, 1
46379, 1
46413, 1
46417, 1
46424, 1
46467, 1
46546, 1
46613, 1
46719, 1
46735, 1
46777, 1
47074, 1
47169, 1
47177, 1
47186, 1
47198, 1
47209, 1
47246, 1
47263, 1
47341, 1
47626, 1
47662, 1
47721, 1
47735, 1
47771, 1
47980, 1
48014, 1
48221, 1
48222, 1
48238, 1
48372, 1
48373, 1
48387, 1
48390, 1
48411, 1
48648, 1
48690, 1
48762, 1
48839, 1
48995, 1
49176, 1
49208, 1
49234, 1
49271, 1
49372, 1
49415, 1
49491, 1
49527, 1
49529, 1
49621, 1
49653, 1
49759, 1
49789, 1
49830, 1
49863, 1
49937, 1
49993, 1
50157, 1
50629, 1
50678, 1
50731, 1
50741, 1
50796, 1
50964, 1
51147, 1
51153, 1
51237, 1
51253, 1
51347, 1
51480, 1
51499, 1
51551, 1
51626, 1
51628, 1
51722, 1
51757, 1
51765, 1
51836, 1
51855, 1
51950, 1
51967, 1
52031, 1
52169, 1
52198, 1
52206, 1
52213, 1
52508, 1
52565, 1
52818, 1
53121, 1
53318, 1
53327, 1
53365, 1
53519, 2
53695, 1
53768, 1
53856, 1
54087, 1
54140, 1
54210, 1
54230, 1
54331, 1
54475, 1
54862, 1
54895, 1
54949, 1
54957, 1
54974, 1
55113, 1
55203, 1
55445, 1
55631, 1
55803, 1
55942, 1
56099, 1
56125, 1
56138, 1
56403, 1
56463, 1
56568, 1
56793, 1
56808, 1
56991, 1
57063, 1
57085, 1
57644, 1
57921, 1
57982, 1
57996, 1
58022, 1
58090, 1
58091, 1
58126, 2
58157, 1
58215, 1
58239, 1
58329, 1
58371, 1
58385, 1
58402, 1
58813, 1
58876, 1
59112, 1
59204, 1
59258, 1
59290, 1
59527, 1
59722, 1
59775, 1
59858, 1
60004, 1
60214, 1
60290, 1
60378, 1
60466, 1
60491, 1
60641, 1
60955, 1
61341, 1
61344, 1
61400, 1
61421, 1
61543, 1
61623, 1
61731, 1
61748, 1
61873, 1
61935, 1
61974, 1
62012, 1
62032, 1
62037, 1
62114, 1
62136, 1
62145, 1
62151, 1
62321, 1
62364, 1
62397, 1
63235, 1
63474, 1
63584, 1
63758, 1
63783, 1
63963, 1
64015, 1
64060, 1
64287, 1
64485, 1
64853, 1
64863, 1
64866, 1
64874, 1
65233, 1
65334, 1
65576, 1
65593, 1
65738, 1
65751, 1
65923, 1
66197, 1
66198, 1
66268, 1
66355, 1
66361, 1
66428, 1
66467, 1
66692, 1
66983, 1
67030, 1
67067, 1
67135, 1
67650, 1
67961, 1
68077, 1
68245, 1
68365, 1
68395, 1
68534, 1
68578, 1
68668, 1
68708, 1
68764, 1
68819, 1
69201, 1
69624, 1
69668, 1
69860, 1
69938, 1
70164, 1
70414, 1
70467, 1
70892, 1
71022, 1
71040, 1
71048, 1
71336, 1
71844, 1
71858, 1
72074, 1
72204, 1
72784, 1
72806, 1
72829, 1
72882, 1
73041, 1
73063, 1
73173, 1
73230, 1
73400, 1
73431, 1
73453, 1
73510, 1
73566, 1
73573, 1
73747, 1
73984, 1
74425, 1
74613, 1
74731, 1
74752, 1
74770, 1
74773, 1
74907, 1
74912, 1
74918, 1
75005, 1
75032, 1
75259, 1
75392, 1
75415, 1
75765, 1
75844, 1
75921, 1
76187, 1
76413, 1
76452, 1
76598, 1
76775, 1
77246, 1
77366, 1
77709, 1
77989, 1
78050, 1
78086, 1
78396, 1
78927, 1
79172, 1
79410, 1
79965, 1
80149, 1
80288, 1
80532, 1
80625, 1
80745, 1
80764, 1
80955, 1
81300, 1
81361, 1
81417, 1
81471, 1
81543, 1
81569, 1
81757, 1
81784, 1
82503, 1
82835, 1
82852, 1
82949, 1
83557, 1
83821, 1
84016, 1
84069, 1
84206, 1
84281, 1
84309, 1
84586, 1
84596, 1
85112, 1
85683, 1
85895, 1
86070, 1
86930, 1
87276, 1
87350, 1
87741, 1
87758, 1
87803, 1
87820, 1
88500, 1
88544, 1
88702, 1
89242, 1
89636, 1
89682, 1
89733, 1
89822, 1
90168, 1
90263, 1
90435, 1
90545, 1
90599, 1
90646, 1
90733, 1
90822, 1
91153, 1
91291, 1
91649, 1
91709, 1
91770, 1
91804, 1
91914, 1
91923, 1
92015, 1
92136, 1
92206, 1
92209, 1
92644, 1
92945, 1
93035, 1
93340, 1
93385, 1
93425, 1
93695, 1
93742, 1
94931, 1
95208, 1
95457, 1
95514, 1
95574, 1
95800, 1
95857, 1
96418, 1
96533, 1
96557, 1
96736, 1
96924, 1
96962, 1
96984, 1
97036, 1
97072, 1
97268, 1
97852, 1
98821, 1
98857, 1
98884, 1
99939, 1
100277, 1
100471, 1
100482, 1
100673, 1
101788, 1
102046, 1
102114, 1
102206, 1
102580, 1
102985, 1
103164, 1
103272, 1
103311, 1
103415, 1
103425, 1
103749, 1
103767, 1
103921, 1
105396, 1
105678, 1
105714, 1
106173, 1
106306, 1
106359, 1
106493, 1
106821, 1
106960, 1
106996, 1
107141, 1
107251, 1
108027, 1
108039, 1
108579, 1
108666, 1
108769, 1
109305, 1
109386, 1
109545, 1
109572, 1
109807, 1
109873, 1
110008, 1
111334, 1
111382, 1
111484, 1
111683, 1
111815, 1
112012, 1
112086, 1
112379, 1
112473, 1
112880, 1
113140, 1
113208, 1
113344, 1
114466, 1
115722, 1
115752, 1
115895, 1
117105, 1
117749, 1
117882, 1
118026, 1
119265, 1
119348, 1
119854, 1
120652, 1
120655, 1
121694, 1
121986, 1
122181, 1
123225, 1
123227, 1
124114, 1
124355, 1
124588, 1
124662, 1
125144, 1
125609, 1
126564, 1
126759, 1
128327, 1
128374, 1
128377, 1
128382, 1
129134, 1
129325, 1
129336, 1
129922, 1
130108, 1
130158, 1
130308, 1
130664, 1
130880, 1
131084, 1
131906, 1
132712, 1
133344, 1
133757, 1
133943, 1
133953, 1
134260, 1
134636, 1
134870, 1
134883, 1
135036, 1
136226, 1
136345, 1
136465, 1
137439, 1
137812, 1
138096, 1
138756, 1
138823, 1
140566, 1
140781, 1
140866, 1
141626, 1
141732, 1
141752, 1
142107, 1
142468, 1
142934, 1
143188, 1
144482, 1
146214, 1
147098, 1
147138, 1
149028, 1
149112, 1
150051, 1
151075, 1
151107, 1
151167, 1
151574, 1
152661, 1
153145, 1
153787, 1
155471, 1
155616, 1
155993, 1
156111, 1
156177, 1
156294, 1
156564, 1
156583, 1
158383, 1
158567, 1
159320, 1
160121, 1
160346, 1
160671, 1
160718, 1
161022, 1
161576, 1
162222, 1
162768, 1
163186, 1
164213, 1
164495, 1
165179, 1
165222, 1
165393, 1
165580, 1
165913, 1
166161, 1
166337, 1
166857, 1
167495, 1
168864, 1
169326, 1
170463, 1
170559, 1
171288, 1
173284, 1
174659, 1
175151, 1
175281, 1
175353, 1
175377, 1
176204, 1
176213, 1
177400, 1
178155, 1
178698, 1
178939, 1
180534, 1
181089, 1
181367, 1
181646, 1
181753, 1
182629, 1
183374, 1
184391, 1
185772, 1
186826, 1
187101, 1
189127, 1
190218, 1
190827, 1
191547, 1
191581, 1
192332, 1
193190, 1
193766, 1
193849, 1
195162, 1
198495, 1
198908, 1
200857, 1
203141, 1
203354, 1
204618, 1
206847, 1
207199, 1
207282, 1
207948, 1
208268, 1
208371, 1
208927, 1
209725, 1
210164, 1
211492, 1
213732, 1
214789, 1
215453, 1
215783, 1
215832, 1
216195, 1
219050, 1
221494, 1
222080, 1
222427, 1
222820, 1
225158, 1
228577, 1
229951, 1
231116, 1
231245, 1
232824, 1
233501, 1
235484, 1
236918, 1
237350, 1
237688, 1
237769, 1
237865, 1
241977, 1
244440, 1
245876, 1
247520, 1
247587, 1
247787, 1
247861, 1
247888, 1
248818, 1
254057, 1
254640, 1
255146, 1
255771, 1
256540, 1
257012, 1
260196, 1
260983, 1
261227, 1
263353, 1
263710, 1
263977, 1
265102, 1
265654, 1
266634, 1
266745, 1
267235, 1
267649, 1
268266, 1
268284, 1
268448, 1
269460, 1
270638, 1
272781, 1
273167, 1
274676, 1
275744, 1
276924, 1
277058, 1
277070, 1
277570, 1
277931, 1
280012, 1
280229, 1
281082, 1
282878, 1
284321, 1
286843, 1
288590, 1
292756, 1
294934, 1
297907, 1
298066, 1
298396, 1
299945, 1
304099, 1
305264, 1
305434, 1
305439, 1
305735, 1
305754, 1
310426, 1
311333, 1
319673, 1
321328, 1
321711, 1
322316, 1
323238, 1
323381, 1
324647, 1
327381, 1
329964, 1
330761, 1
331676, 1
337058, 1
337587, 1
338301, 1
338599, 1
343513, 1
349955, 1
352583, 1
357114, 1
360261, 1
360674, 1
360903, 1
362110, 1
364328, 1
366523, 1
369710, 1
371328, 1
371842, 1
375113, 1
376553, 1
381209, 1
388171, 1
390415, 1
390853, 1
396184, 1
398016, 1
398346, 1
400651, 1
401294, 1
405473, 1
407831, 1
408211, 1
408910, 1
410913, 1
412995, 1
415382, 1
416924, 1
418545, 1
421784, 1
422224, 1
430969, 1
435558, 1
435956, 1
439126, 1
439532, 1
442376, 1
444496, 1
444868, 1
444902, 1
446272, 1
460205, 1
466187, 1
469251, 1
472764, 1
472892, 1
474056, 1
479913, 1
480319, 1
480739, 1
483631, 1
487108, 1
488155, 1
488231, 1
488311, 1
488884, 1
489371, 1
490690, 1
490916, 1
502426, 1
506264, 1
513196, 1
513262, 1
513281, 1
513998, 1
514773, 1
516600, 1
517060, 1
517557, 1
519993, 1
520080, 1
520727, 1
524014, 1
524273, 1
525354, 1
527442, 1
527937, 1
